session_id,stock_id,open_price,close_price,high_price,low_price,volume_detail,ceiling_price,floor_price,buy_volume,sell_volume,net_volume,matched_value,adjust_price,change_percent,outstanding_share,name,code,stock_space,join_date,leave_date,init_price,category,year,month,day_of_month,volume_session
4817,3109,6.7,6.7,6.7,6.7,0,0.0,0.0,0,0,0,0.0,6.7,0.0,0,Công ty Cổ phần Lilama 69-3,L63,UPCOM,2016-10-06,,0.0,,2023,5,17,596787000000.0
4816,3109,6.7,6.7,6.7,6.7,0,0.0,0.0,0,0,0,0.0,6.7,0.0,0,Công ty Cổ phần Lilama 69-3,L63,UPCOM,2016-10-06,,0.0,,2023,5,18,452755000000.0
4815,3109,6.7,6.7,6.7,6.7,0,0.0,0.0,0,0,0,0.0,6.7,0.0,0,Công ty Cổ phần Lilama 69-3,L63,UPCOM,2016-10-06,,0.0,,2023,5,19,610612000000.0
4814,3109,6.7,6.7,6.7,6.7,0,0.0,0.0,0,0,0,0.0,6.7,0.0,0,Công ty Cổ phần Lilama 69-3,L63,UPCOM,2016-10-06,,0.0,,2023,5,22,541384000000.0
4813,3109,6.7,6.7,6.7,6.7,0,0.0,0.0,0,0,0,0.0,6.7,0.0,0,Công ty Cổ phần Lilama 69-3,L63,UPCOM,2016-10-06,,0.0,,2023,5,23,589042000000.0
4812,3109,6.7,6.7,6.7,6.7,0,0.0,0.0,0,0,0,0.0,6.7,0.0,0,Công ty Cổ phần Lilama 69-3,L63,UPCOM,2016-10-06,,0.0,,2023,5,24,417134000000.0
4811,3109,6.7,6.7,6.7,6.7,0,0.0,0.0,0,0,0,0.0,6.7,0.0,0,Công ty Cổ phần Lilama 69-3,L63,UPCOM,2016-10-06,,0.0,,2023,5,25,457573000000.0
4810,3109,6.7,6.7,6.7,6.7,0,0.0,0.0,0,0,0,0.0,6.7,0.0,0,Công ty Cổ phần Lilama 69-3,L63,UPCOM,2016-10-06,,0.0,,2023,5,26,867663000000.0
4809,3109,6.7,6.7,6.7,6.7,0,0.0,0.0,0,0,0,0.0,6.7,0.0,0,Công ty Cổ phần Lilama 69-3,L63,UPCOM,2016-10-06,,0.0,,2023,5,29,598726000000.0
4808,3109,6.7,6.7,6.7,6.7,0,0.0,0.0,0,0,0,0.0,6.7,0.0,0,Công ty Cổ phần Lilama 69-3,L63,UPCOM,2016-10-06,,0.0,,2023,5,30,797759000000.0
4807,3109,6.7,6.7,6.7,6.7,0,0.0,0.0,0,0,0,0.0,6.7,0.0,0,Công ty Cổ phần Lilama 69-3,L63,UPCOM,2016-10-06,,0.0,,2023,5,31,860345000000.0
4806,3109,6.7,6.7,6.7,6.7,0,0.0,0.0,0,0,0,0.0,6.7,0.0,0,Công ty Cổ phần Lilama 69-3,L63,UPCOM,2016-10-06,,0.0,,2023,6,1,784243000000.0
4805,3109,6.7,6.7,6.7,6.7,0,0.0,0.0,0,0,0,0.0,6.7,0.0,0,Công ty Cổ phần Lilama 69-3,L63,UPCOM,2016-10-06,,0.0,,2023,6,2,911677000000.0
4804,3109,4.1,4.1,5.0,4.1,11200,0.0,0.0,0,0,0,46540000.0,4.1,-2.6,0,Công ty Cổ phần Lilama 69-3,L63,UPCOM,2016-10-06,,0.0,,2023,6,5,850691000000.0
4803,3109,4.2,4.2,4.2,4.2,0,0.0,0.0,0,0,0,0.0,4.2,0.0,0,Công ty Cổ phần Lilama 69-3,L63,UPCOM,2016-10-06,,0.0,,2023,6,6,735226000000.0
4802,3109,4.2,4.2,4.2,4.1,2409,0.0,0.0,0,0,0,9916900.0,4.2,0.0,0,Công ty Cổ phần Lilama 69-3,L63,UPCOM,2016-10-06,,0.0,,2023,6,7,779549000000.0
4801,3109,4.1,4.3,4.3,4.1,1200,0.0,0.0,0,0,0,5040000.0,4.3,0.2,0,Công ty Cổ phần Lilama 69-3,L63,UPCOM,2016-10-06,,0.0,,2023,6,8,972083000000.0
4800,3109,4.2,4.2,4.2,4.2,100,0.0,0.0,0,0,0,420000.0,4.2,0.0,0,Công ty Cổ phần Lilama 69-3,L63,UPCOM,2016-10-06,,0.0,,2023,6,9,784155000000.0
4799,3109,4.0,4.7,4.8,4.0,15100,0.0,0.0,0,0,0,65550000.0,4.7,0.5,0,Công ty Cổ phần Lilama 69-3,L63,UPCOM,2016-10-06,,0.0,,2023,6,12,637523000000.0
4798,3109,5.0,5.1,5.1,5.0,400,0.0,0.0,0,0,0,2020000.0,5.1,0.2,0,Công ty Cổ phần Lilama 69-3,L63,UPCOM,2016-10-06,,0.0,,2023,6,14,763309000000.0
4797,3109,5.1,5.1,5.1,5.1,600,0.0,0.0,0,0,0,3060000.0,5.1,0.0,0,Công ty Cổ phần Lilama 69-3,L63,UPCOM,2016-10-06,,0.0,,2023,6,15,619574000000.0
4796,3109,5.1,5.1,5.1,5.1,0,0.0,0.0,0,0,0,0.0,5.1,0.0,0,Công ty Cổ phần Lilama 69-3,L63,UPCOM,2016-10-06,,0.0,,2023,6,16,897713000000.0
4795,3109,5.1,5.1,5.1,5.1,0,0.0,0.0,0,0,0,0.0,5.1,0.0,0,Công ty Cổ phần Lilama 69-3,L63,UPCOM,2016-10-06,,0.0,,2023,6,19,554708000000.0
4794,3109,5.1,5.1,5.2,5.1,1400,0.0,0.0,0,0,0,7160000.0,5.1,0.0,0,Công ty Cổ phần Lilama 69-3,L63,UPCOM,2016-10-06,,0.0,,2023,6,20,557490000000.0
4793,3109,5.1,5.1,5.1,5.1,400,0.0,0.0,0,0,0,2040000.0,5.1,0.0,0,Công ty Cổ phần Lilama 69-3,L63,UPCOM,2016-10-06,,0.0,,2023,6,21,817903000000.0
4792,3109,5.1,5.1,5.1,5.1,400,0.0,0.0,0,0,0,2040000.0,5.1,0.0,0,Công ty Cổ phần Lilama 69-3,L63,UPCOM,2016-10-06,,0.0,,2023,6,22,833329000000.0
4791,3109,5.1,5.1,5.1,5.1,1200,0.0,0.0,0,0,0,6120000.0,5.1,0.0,0,Công ty Cổ phần Lilama 69-3,L63,UPCOM,2016-10-06,,0.0,,2023,6,23,847219000000.0
4790,3109,5.1,5.1,5.1,5.1,0,0.0,0.0,0,0,0,0.0,5.1,0.0,0,Công ty Cổ phần Lilama 69-3,L63,UPCOM,2016-10-06,,0.0,,2023,6,26,860095000000.0
4789,3109,5.1,5.1,5.1,5.1,5000,0.0,0.0,0,0,0,25500000.0,5.1,0.0,0,Công ty Cổ phần Lilama 69-3,L63,UPCOM,2016-10-06,,0.0,,2023,6,27,567850000000.0
4788,3109,5.1,5.1,5.1,5.1,10,0.0,0.0,0,0,0,58000.0,5.1,0.0,0,Công ty Cổ phần Lilama 69-3,L63,UPCOM,2016-10-06,,0.0,,2023,6,28,659102000000.0
4787,3109,5.1,5.1,5.1,5.1,0,0.0,0.0,0,0,0,0.0,5.1,0.0,0,Công ty Cổ phần Lilama 69-3,L63,UPCOM,2016-10-06,,0.0,,2023,6,29,666695000000.0
4786,3109,5.1,5.1,5.1,5.1,10,0.0,0.0,0,0,0,58000.0,5.1,0.0,0,Công ty Cổ phần Lilama 69-3,L63,UPCOM,2016-10-06,,0.0,,2023,6,30,543269000000.0
4785,3109,5.1,5.1,5.1,5.1,0,0.0,0.0,0,0,0,0.0,5.1,0.0,0,Công ty Cổ phần Lilama 69-3,L63,UPCOM,2016-10-06,,0.0,,2023,7,3,477651000000.0
4784,3109,5.1,5.1,5.1,5.1,1000,0.0,0.0,0,0,0,5100000.0,5.1,0.0,0,Công ty Cổ phần Lilama 69-3,L63,UPCOM,2016-10-06,,0.0,,2023,7,4,638481000000.0
4783,3109,5.1,5.3,5.3,5.1,4100,0.0,0.0,0,0,0,21530000.0,5.3,0.2,0,Công ty Cổ phần Lilama 69-3,L63,UPCOM,2016-10-06,,0.0,,2023,7,5,701030000000.0
4782,3109,5.0,5.0,5.0,5.0,300,0.0,0.0,0,0,0,1500000.0,5.0,-0.3,0,Công ty Cổ phần Lilama 69-3,L63,UPCOM,2016-10-06,,0.0,,2023,7,6,637903000000.0
4781,3109,5.0,5.0,5.0,5.0,0,0.0,0.0,0,0,0,0.0,5.0,0.0,0,Công ty Cổ phần Lilama 69-3,L63,UPCOM,2016-10-06,,0.0,,2023,7,7,729580000000.0
4780,3109,5.0,5.0,5.0,5.0,0,0.0,0.0,0,0,0,0.0,5.0,0.0,0,Công ty Cổ phần Lilama 69-3,L63,UPCOM,2016-10-06,,0.0,,2023,7,10,1270370000000.0
4779,3109,5.0,5.0,5.0,5.0,0,0.0,0.0,0,0,0,0.0,5.0,0.0,0,Công ty Cổ phần Lilama 69-3,L63,UPCOM,2016-10-06,,0.0,,2023,7,11,779753000000.0
4778,3109,5.1,5.1,5.1,5.1,3500,0.0,0.0,0,0,0,17850000.0,5.1,0.1,0,Công ty Cổ phần Lilama 69-3,L63,UPCOM,2016-10-06,,0.0,,2023,7,12,885074000000.0
4777,3109,4.4,5.1,5.1,4.4,1701,0.0,0.0,0,0,0,8324400.0,5.1,0.0,0,Công ty Cổ phần Lilama 69-3,L63,UPCOM,2016-10-06,,0.0,,2023,7,13,793503000000.0
4776,3109,4.9,4.9,4.9,4.9,0,0.0,0.0,0,0,0,0.0,4.9,0.0,0,Công ty Cổ phần Lilama 69-3,L63,UPCOM,2016-10-06,,0.0,,2023,7,14,907996000000.0
4775,3109,4.9,5.1,4.9,4.9,30,0.0,0.0,0,0,0,126000.0,5.1,0.2,0,Công ty Cổ phần Lilama 69-3,L63,UPCOM,2016-10-06,,0.0,,2023,7,17,838562000000.0
4774,3109,4.9,4.9,4.9,4.9,0,0.0,0.0,0,0,0,0.0,4.9,0.0,0,Công ty Cổ phần Lilama 69-3,L63,UPCOM,2016-10-06,,0.0,,2023,7,18,673486000000.0
4773,3109,4.9,4.9,4.9,4.9,0,0.0,0.0,0,0,0,0.0,4.9,0.0,0,Công ty Cổ phần Lilama 69-3,L63,UPCOM,2016-10-06,,0.0,,2023,7,19,739111000000.0
4772,3109,4.9,4.9,4.9,4.9,0,0.0,0.0,0,0,0,0.0,4.9,0.0,0,Công ty Cổ phần Lilama 69-3,L63,UPCOM,2016-10-06,,0.0,,2023,7,20,602157000000.0
4771,3109,4.9,4.9,4.9,4.9,0,0.0,0.0,0,0,0,0.0,4.9,0.0,0,Công ty Cổ phần Lilama 69-3,L63,UPCOM,2016-10-06,,0.0,,2023,7,21,778375000000.0
4770,3109,4.9,4.9,4.9,4.9,200,0.0,0.0,0,0,0,980000.0,4.9,0.0,0,Công ty Cổ phần Lilama 69-3,L63,UPCOM,2016-10-06,,0.0,,2023,7,24,1006820000000.0
4769,3109,5.0,5.0,5.0,5.0,1600,0.0,0.0,0,0,0,8000000.0,5.0,0.1,0,Công ty Cổ phần Lilama 69-3,L63,UPCOM,2016-10-06,,0.0,,2023,7,25,912745000000.0
4768,3109,5.0,5.0,5.0,5.0,0,0.0,0.0,0,0,0,0.0,5.0,0.0,0,Công ty Cổ phần Lilama 69-3,L63,UPCOM,2016-10-06,,0.0,,2023,7,26,742424000000.0
4767,3109,5.0,5.0,5.0,5.0,0,0.0,0.0,0,0,0,0.0,5.0,0.0,0,Công ty Cổ phần Lilama 69-3,L63,UPCOM,2016-10-06,,0.0,,2023,7,28,826488000000.0
4766,3109,5.0,5.0,5.0,5.0,0,0.0,0.0,0,0,0,0.0,5.0,0.0,0,Công ty Cổ phần Lilama 69-3,L63,UPCOM,2016-10-06,,0.0,,2023,7,31,1269880000000.0
4765,3109,5.6,5.6,5.6,5.6,0,0.0,0.0,0,0,0,0.0,5.6,0.0,0,Công ty Cổ phần Lilama 69-3,L63,UPCOM,2016-10-06,,0.0,,2023,8,3,1013090000000.0
4764,3109,5.6,5.6,5.6,5.6,0,0.0,0.0,0,0,0,0.0,5.6,0.0,0,Công ty Cổ phần Lilama 69-3,L63,UPCOM,2016-10-06,,0.0,,2023,8,4,1247860000000.0
4763,3109,5.6,5.6,5.6,5.6,0,0.0,0.0,0,0,0,0.0,5.6,0.0,0,Công ty Cổ phần Lilama 69-3,L63,UPCOM,2016-10-06,,0.0,,2023,8,7,1143560000000.0
4762,3109,5.6,5.6,5.6,5.6,0,0.0,0.0,0,0,0,0.0,5.6,0.0,0,Công ty Cổ phần Lilama 69-3,L63,UPCOM,2016-10-06,,0.0,,2023,8,8,1123310000000.0
4761,3109,5.6,5.6,5.6,5.6,1,0.0,0.0,0,0,0,6400.0,5.6,0.0,0,Công ty Cổ phần Lilama 69-3,L63,UPCOM,2016-10-06,,0.0,,2023,8,9,1068850000000.0
4760,3109,5.6,5.6,5.6,5.6,0,0.0,0.0,0,0,0,0.0,5.6,0.0,0,Công ty Cổ phần Lilama 69-3,L63,UPCOM,2016-10-06,,0.0,,2023,8,10,1109030000000.0
4759,3109,5.6,5.6,5.6,5.6,0,0.0,0.0,0,0,0,0.0,5.6,0.0,0,Công ty Cổ phần Lilama 69-3,L63,UPCOM,2016-10-06,,0.0,,2023,8,11,1164620000000.0
4758,3109,5.6,5.6,5.6,5.6,0,0.0,0.0,0,0,0,0.0,5.6,0.0,0,Công ty Cổ phần Lilama 69-3,L63,UPCOM,2016-10-06,,0.0,,2023,8,14,877663000000.0
4757,3109,5.6,5.6,5.6,5.6,0,0.0,0.0,0,0,0,0.0,5.6,0.0,0,Công ty Cổ phần Lilama 69-3,L63,UPCOM,2016-10-06,,0.0,,2023,8,15,859845000000.0
4756,3109,4.8,4.8,4.8,4.8,1500,0.0,0.0,0,0,0,7200000.0,4.8,-0.8,0,Công ty Cổ phần Lilama 69-3,L63,UPCOM,2016-10-06,,0.0,,2023,8,16,851752000000.0
4755,3109,4.8,4.8,4.8,4.8,0,0.0,0.0,0,0,0,0.0,4.8,0.0,0,Công ty Cổ phần Lilama 69-3,L63,UPCOM,2016-10-06,,0.0,,2023,8,17,981925000000.0
4754,3109,5.4,5.4,5.4,5.4,2000,0.0,0.0,0,0,0,10800000.0,5.4,0.6,0,Công ty Cổ phần Lilama 69-3,L63,UPCOM,2016-10-06,,0.0,,2023,8,18,1755080000000.0
4753,3109,5.4,5.4,5.4,5.4,0,0.0,0.0,0,0,0,0.0,5.4,0.0,0,Công ty Cổ phần Lilama 69-3,L63,UPCOM,2016-10-06,,0.0,,2023,8,21,687691000000.0
4752,3109,5.4,5.4,5.4,5.4,0,0.0,0.0,0,0,0,0.0,5.4,0.0,0,Công ty Cổ phần Lilama 69-3,L63,UPCOM,2016-10-06,,0.0,,2023,8,22,619428000000.0
4751,3109,5.4,5.4,5.4,5.4,0,0.0,0.0,0,0,0,0.0,5.4,0.0,0,Công ty Cổ phần Lilama 69-3,L63,UPCOM,2016-10-06,,0.0,,2023,8,23,428211000000.0
4750,3109,5.4,5.4,5.4,5.4,0,0.0,0.0,0,0,0,0.0,5.4,0.0,0,Công ty Cổ phần Lilama 69-3,L63,UPCOM,2016-10-06,,0.0,,2023,8,24,575149000000.0
4749,3109,5.4,5.4,5.4,5.4,0,0.0,0.0,0,0,0,0.0,5.4,0.0,0,Công ty Cổ phần Lilama 69-3,L63,UPCOM,2016-10-06,,0.0,,2023,8,25,647039000000.0
4748,3109,5.4,5.4,5.4,5.4,0,0.0,0.0,0,0,0,0.0,5.4,0.0,0,Công ty Cổ phần Lilama 69-3,L63,UPCOM,2016-10-06,,0.0,,2023,8,28,576712000000.0
4747,3109,5.4,5.4,5.4,5.4,0,0.0,0.0,0,0,0,0.0,5.4,0.0,0,Công ty Cổ phần Lilama 69-3,L63,UPCOM,2016-10-06,,0.0,,2023,8,29,772956000000.0
4746,3109,5.4,5.4,5.4,5.4,0,0.0,0.0,0,0,0,0.0,5.4,0.0,0,Công ty Cổ phần Lilama 69-3,L63,UPCOM,2016-10-06,,0.0,,2023,8,30,586790000000.0
4745,3109,5.4,5.4,5.4,5.4,0,0.0,0.0,0,0,0,0.0,5.4,0.0,0,Công ty Cổ phần Lilama 69-3,L63,UPCOM,2016-10-06,,0.0,,2023,8,31,730119000000.0
4744,3109,5.9,5.9,5.9,5.9,1038,0.0,0.0,0,0,0,6082400.0,5.9,0.5,0,Công ty Cổ phần Lilama 69-3,L63,UPCOM,2016-10-06,,0.0,,2023,9,5,825245000000.0
4743,3109,5.9,5.9,5.9,5.9,0,0.0,0.0,0,0,0,0.0,5.9,0.0,0,Công ty Cổ phần Lilama 69-3,L63,UPCOM,2016-10-06,,0.0,,2023,9,6,1223680000000.0
4742,3109,5.9,5.9,5.9,5.9,0,0.0,0.0,0,0,0,0.0,5.9,0.0,0,Công ty Cổ phần Lilama 69-3,L63,UPCOM,2016-10-06,,0.0,,2023,9,7,964664000000.0
4741,3109,5.9,5.9,5.9,5.9,0,0.0,0.0,0,0,0,0.0,5.9,0.0,0,Công ty Cổ phần Lilama 69-3,L63,UPCOM,2016-10-06,,0.0,,2023,9,8,1066720000000.0
4740,3109,5.9,5.9,5.9,5.9,0,0.0,0.0,0,0,0,0.0,5.9,0.0,0,Công ty Cổ phần Lilama 69-3,L63,UPCOM,2016-10-06,,0.0,,2023,9,11,1221320000000.0
4739,3109,5.9,5.9,5.9,5.9,0,0.0,0.0,0,0,0,0.0,5.9,0.0,0,Công ty Cổ phần Lilama 69-3,L63,UPCOM,2016-10-06,,0.0,,2023,9,12,866340000000.0
4738,3109,5.9,5.9,5.9,5.9,0,0.0,0.0,0,0,0,0.0,5.9,0.0,0,Công ty Cổ phần Lilama 69-3,L63,UPCOM,2016-10-06,,0.0,,2023,9,13,1392960000000.0
4737,3109,5.9,5.9,5.9,5.9,0,0.0,0.0,0,0,0,0.0,5.9,0.0,0,Công ty Cổ phần Lilama 69-3,L63,UPCOM,2016-10-06,,0.0,,2023,9,14,1011600000000.0
4736,3109,5.9,5.9,5.9,5.9,0,0.0,0.0,0,0,0,0.0,5.9,0.0,0,Công ty Cổ phần Lilama 69-3,L63,UPCOM,2016-10-06,,0.0,,2023,9,15,868760000000.0
4735,3109,5.9,5.9,5.9,5.9,0,0.0,0.0,0,0,0,0.0,5.9,0.0,0,Công ty Cổ phần Lilama 69-3,L63,UPCOM,2016-10-06,,0.0,,2023,9,18,761763000000.0
4734,3109,6.3,6.3,6.3,6.3,600,0.0,0.0,0,0,0,3780000.0,6.3,0.4,0,Công ty Cổ phần Lilama 69-3,L63,UPCOM,2016-10-06,,0.0,,2023,9,19,738083000000.0
4733,3109,6.3,6.3,6.3,6.3,0,0.0,0.0,0,0,0,0.0,6.3,0.0,0,Công ty Cổ phần Lilama 69-3,L63,UPCOM,2016-10-06,,0.0,,2023,9,20,757616000000.0
4732,3109,6.3,6.3,6.3,6.3,0,0.0,0.0,0,0,0,0.0,6.3,0.0,0,Công ty Cổ phần Lilama 69-3,L63,UPCOM,2016-10-06,,0.0,,2023,9,21,1122400000000.0
4731,3109,6.3,6.3,6.3,6.3,500,0.0,0.0,0,0,0,3150000.0,6.3,0.0,0,Công ty Cổ phần Lilama 69-3,L63,UPCOM,2016-10-06,,0.0,,2023,9,22,1367230000000.0
4730,3109,6.3,6.3,6.3,6.3,0,0.0,0.0,0,0,0,0.0,6.3,0.0,0,Công ty Cổ phần Lilama 69-3,L63,UPCOM,2016-10-06,,0.0,,2023,9,25,1140200000000.0
4729,3109,6.3,6.3,6.3,6.3,0,0.0,0.0,0,0,0,0.0,6.3,0.0,0,Công ty Cổ phần Lilama 69-3,L63,UPCOM,2016-10-06,,0.0,,2023,9,26,857658000000.0
4728,3109,6.3,6.3,6.3,6.3,0,0.0,0.0,0,0,0,0.0,6.3,0.0,0,Công ty Cổ phần Lilama 69-3,L63,UPCOM,2016-10-06,,0.0,,2023,9,27,855741000000.0
4727,3109,6.3,6.3,6.3,6.3,0,0.0,0.0,0,0,0,0.0,6.3,0.0,0,Công ty Cổ phần Lilama 69-3,L63,UPCOM,2016-10-06,,0.0,,2023,9,28,751249000000.0
4726,3109,6.3,6.3,6.3,6.3,0,0.0,0.0,0,0,0,0.0,6.3,0.0,0,Công ty Cổ phần Lilama 69-3,L63,UPCOM,2016-10-06,,0.0,,2023,9,29,536271000000.0
4725,3109,6.3,6.3,6.3,6.3,0,0.0,0.0,0,0,0,0.0,6.3,0.0,0,Công ty Cổ phần Lilama 69-3,L63,UPCOM,2016-10-06,,0.0,,2023,10,2,553845000000.0
4724,3109,6.3,6.3,6.3,6.3,0,0.0,0.0,0,0,0,0.0,6.3,0.0,0,Công ty Cổ phần Lilama 69-3,L63,UPCOM,2016-10-06,,0.0,,2023,10,3,980988000000.0
4723,3109,6.3,6.3,6.3,6.3,0,0.0,0.0,0,0,0,0.0,6.3,0.0,0,Công ty Cổ phần Lilama 69-3,L63,UPCOM,2016-10-06,,0.0,,2023,10,4,546843000000.0
4722,3109,6.3,6.3,6.3,6.3,0,0.0,0.0,0,0,0,0.0,6.3,0.0,0,Công ty Cổ phần Lilama 69-3,L63,UPCOM,2016-10-06,,0.0,,2023,10,5,584652000000.0
4721,3109,6.3,6.3,6.3,6.3,1,0.0,0.0,0,0,0,5400.0,6.3,0.0,0,Công ty Cổ phần Lilama 69-3,L63,UPCOM,2016-10-06,,0.0,,2023,10,6,513676000000.0
4720,3109,6.3,6.3,6.3,6.3,0,0.0,0.0,0,0,0,0.0,6.3,0.0,0,Công ty Cổ phần Lilama 69-3,L63,UPCOM,2016-10-06,,0.0,,2023,10,9,529047000000.0
4719,3109,6.3,6.3,6.3,6.3,0,0.0,0.0,0,0,0,0.0,6.3,0.0,0,Công ty Cổ phần Lilama 69-3,L63,UPCOM,2016-10-06,,0.0,,2023,10,10,692166000000.0
4718,3109,6.3,6.3,6.3,6.3,0,0.0,0.0,0,0,0,0.0,6.3,0.0,0,Công ty Cổ phần Lilama 69-3,L63,UPCOM,2016-10-06,,0.0,,2023,10,11,586007000000.0
4717,3109,6.3,6.3,6.3,6.3,0,0.0,0.0,0,0,0,0.0,6.3,0.0,0,Công ty Cổ phần Lilama 69-3,L63,UPCOM,2016-10-06,,0.0,,2023,10,12,561842000000.0
4716,3109,6.3,6.3,6.3,6.3,0,0.0,0.0,0,0,0,0.0,6.3,0.0,0,Công ty Cổ phần Lilama 69-3,L63,UPCOM,2016-10-06,,0.0,,2023,10,13,624944000000.0
4715,3109,6.3,6.3,6.3,6.3,0,0.0,0.0,0,0,0,0.0,6.3,0.0,0,Công ty Cổ phần Lilama 69-3,L63,UPCOM,2016-10-06,,0.0,,2023,10,16,713124000000.0
4714,3109,6.3,6.3,6.3,6.3,0,0.0,0.0,0,0,0,0.0,6.3,0.0,0,Công ty Cổ phần Lilama 69-3,L63,UPCOM,2016-10-06,,0.0,,2023,10,17,752963000000.0
4713,3109,6.3,6.3,6.3,6.3,0,0.0,0.0,0,0,0,0.0,6.3,0.0,0,Công ty Cổ phần Lilama 69-3,L63,UPCOM,2016-10-06,,0.0,,2023,10,18,865640000000.0
4712,3109,6.3,6.3,6.3,6.3,0,0.0,0.0,0,0,0,0.0,6.3,0.0,0,Công ty Cổ phần Lilama 69-3,L63,UPCOM,2016-10-06,,0.0,,2023,10,19,484743000000.0
4711,3109,6.3,6.3,6.3,6.3,0,0.0,0.0,0,0,0,0.0,6.3,0.0,0,Công ty Cổ phần Lilama 69-3,L63,UPCOM,2016-10-06,,0.0,,2023,10,20,566432000000.0
4710,3109,6.3,6.3,6.3,6.3,0,0.0,0.0,0,0,0,0.0,6.3,0.0,0,Công ty Cổ phần Lilama 69-3,L63,UPCOM,2016-10-06,,0.0,,2023,10,23,377188000000.0
4709,3109,6.3,6.3,6.3,6.3,0,0.0,0.0,0,0,0,0.0,6.3,0.0,0,Công ty Cổ phần Lilama 69-3,L63,UPCOM,2016-10-06,,0.0,,2023,10,24,374395000000.0
4708,3109,6.3,6.3,6.3,6.3,0,0.0,0.0,0,0,0,0.0,6.3,0.0,0,Công ty Cổ phần Lilama 69-3,L63,UPCOM,2016-10-06,,0.0,,2023,10,25,542002000000.0
session_id,stock_id,open_price,close_price,high_price,low_price,volume_detail,ceiling_price,floor_price,buy_volume,sell_volume,net_volume,matched_value,adjust_price,change_percent,outstanding_share,name,code,stock_space,join_date,leave_date,init_price,category,year,month,day_of_month,volume_session
4933,3109,6.5,6.5,6.5,6.5,0,0.0,0.0,0,0,0,0.0,6.5,0.0,0,Công ty Cổ phần Lilama 69-3,L63,UPCOM,2016-10-06,,0.0,,2022,11,16,556051000000.0
4932,3109,6.5,6.5,6.5,6.5,0,0.0,0.0,0,0,0,0.0,6.5,0.0,0,Công ty Cổ phần Lilama 69-3,L63,UPCOM,2016-10-06,,0.0,,2022,11,17,297087000000.0
4931,3109,6.5,6.5,6.5,6.5,0,0.0,0.0,0,0,0,0.0,6.5,0.0,0,Công ty Cổ phần Lilama 69-3,L63,UPCOM,2016-10-06,,0.0,,2022,11,18,446737000000.0
4930,3109,6.5,6.5,6.5,6.5,0,0.0,0.0,0,0,0,0.0,6.5,0.0,0,Công ty Cổ phần Lilama 69-3,L63,UPCOM,2016-10-06,,0.0,,2022,11,21,303379000000.0
4929,3109,6.5,6.5,6.5,6.5,100,0.0,0.0,0,0,0,650000.0,6.5,0.0,0,Công ty Cổ phần Lilama 69-3,L63,UPCOM,2016-10-06,,0.0,,2022,11,22,448892000000.0
4928,3109,6.5,6.5,6.5,6.5,100,0.0,0.0,0,0,0,650000.0,6.5,0.0,0,Công ty Cổ phần Lilama 69-3,L63,UPCOM,2016-10-06,,0.0,,2022,11,23,238533000000.0
4927,3109,6.5,6.5,6.5,6.5,0,0.0,0.0,0,0,0,0.0,6.5,0.0,0,Công ty Cổ phần Lilama 69-3,L63,UPCOM,2016-10-06,,0.0,,2022,11,24,274411000000.0
4926,3109,7.1,7.1,7.1,7.1,100,0.0,0.0,0,0,0,710000.0,7.1,0.6,0,Công ty Cổ phần Lilama 69-3,L63,UPCOM,2016-10-06,,0.0,,2022,11,25,293088000000.0
4925,3109,7.1,7.1,7.1,7.1,0,0.0,0.0,0,0,0,0.0,7.1,0.0,0,Công ty Cổ phần Lilama 69-3,L63,UPCOM,2016-10-06,,0.0,,2022,11,28,406297000000.0
4924,3109,7.1,7.1,7.1,7.1,0,0.0,0.0,0,0,0,0.0,7.1,0.0,0,Công ty Cổ phần Lilama 69-3,L63,UPCOM,2016-10-06,,0.0,,2022,11,29,483878000000.0
4923,3109,7.1,7.1,7.1,7.1,0,0.0,0.0,0,0,0,0.0,7.1,0.0,0,Công ty Cổ phần Lilama 69-3,L63,UPCOM,2016-10-06,,0.0,,2022,11,30,391289000000.0
4922,3109,7.1,7.1,7.1,7.1,0,0.0,0.0,0,0,0,0.0,7.1,0.0,0,Công ty Cổ phần Lilama 69-3,L63,UPCOM,2016-10-06,,0.0,,2022,12,1,630303000000.0
4921,3109,7.1,7.1,7.1,7.1,0,0.0,0.0,0,0,0,0.0,7.1,0.0,0,Công ty Cổ phần Lilama 69-3,L63,UPCOM,2016-10-06,,0.0,,2022,12,2,658792000000.0
4920,3109,8.0,8.0,8.0,8.0,100,0.0,0.0,0,0,0,800000.0,8.0,0.9,0,Công ty Cổ phần Lilama 69-3,L63,UPCOM,2016-10-06,,0.0,,2022,12,5,460056000000.0
4919,3109,8.0,8.0,8.0,8.0,0,0.0,0.0,0,0,0,0.0,8.0,0.0,0,Công ty Cổ phần Lilama 69-3,L63,UPCOM,2016-10-06,,0.0,,2022,12,6,718737000000.0
4918,3109,8.0,8.0,8.0,8.0,0,0.0,0.0,0,0,0,0.0,8.0,0.0,0,Công ty Cổ phần Lilama 69-3,L63,UPCOM,2016-10-06,,0.0,,2022,12,7,572408000000.0
4917,3109,8.0,8.0,8.0,8.0,0,0.0,0.0,0,0,0,0.0,8.0,0.0,0,Công ty Cổ phần Lilama 69-3,L63,UPCOM,2016-10-06,,0.0,,2022,12,8,427941000000.0
4916,3109,8.0,8.0,8.0,8.0,0,0.0,0.0,0,0,0,0.0,8.0,0.0,0,Công ty Cổ phần Lilama 69-3,L63,UPCOM,2016-10-06,,0.0,,2022,12,9,420185000000.0
4915,3109,8.0,8.0,8.0,8.0,1,0.0,0.0,0,0,0,7900.0,8.0,0.0,0,Công ty Cổ phần Lilama 69-3,L63,UPCOM,2016-10-06,,0.0,,2022,12,12,440894000000.0
4914,3109,8.0,8.0,8.0,8.0,0,0.0,0.0,0,0,0,0.0,8.0,0.0,0,Công ty Cổ phần Lilama 69-3,L63,UPCOM,2016-10-06,,0.0,,2022,12,13,321666000000.0
4913,3109,8.0,8.0,8.0,8.0,0,0.0,0.0,0,0,0,0.0,8.0,0.0,0,Công ty Cổ phần Lilama 69-3,L63,UPCOM,2016-10-06,,0.0,,2022,12,14,452979000000.0
4912,3109,8.0,8.0,8.0,8.0,0,0.0,0.0,0,0,0,0.0,8.0,0.0,0,Công ty Cổ phần Lilama 69-3,L63,UPCOM,2016-10-06,,0.0,,2022,12,15,368110000000.0
4911,3109,8.0,8.0,8.0,8.0,0,0.0,0.0,0,0,0,0.0,8.0,0.0,0,Công ty Cổ phần Lilama 69-3,L63,UPCOM,2016-10-06,,0.0,,2022,12,16,438370000000.0
4910,3109,8.0,8.0,8.0,8.0,0,0.0,0.0,0,0,0,0.0,8.0,0.0,0,Công ty Cổ phần Lilama 69-3,L63,UPCOM,2016-10-06,,0.0,,2022,12,19,401181000000.0
4909,3109,8.0,8.0,8.0,8.0,0,0.0,0.0,0,0,0,0.0,8.0,0.0,0,Công ty Cổ phần Lilama 69-3,L63,UPCOM,2016-10-06,,0.0,,2022,12,20,484353000000.0
4908,3109,8.0,8.0,8.0,8.0,0,0.0,0.0,0,0,0,0.0,8.0,0.0,0,Công ty Cổ phần Lilama 69-3,L63,UPCOM,2016-10-06,,0.0,,2022,12,21,356696000000.0
4907,3109,6.8,6.8,6.8,6.8,1000,0.0,0.0,0,0,0,6800000.0,6.8,-1.2,0,Công ty Cổ phần Lilama 69-3,L63,UPCOM,2016-10-06,,0.0,,2022,12,22,246432000000.0
4906,3109,6.8,6.8,6.8,6.8,0,0.0,0.0,0,0,0,0.0,6.8,0.0,0,Công ty Cổ phần Lilama 69-3,L63,UPCOM,2016-10-06,,0.0,,2022,12,23,309452000000.0
4905,3109,6.8,6.8,6.8,6.8,0,0.0,0.0,0,0,0,0.0,6.8,0.0,0,Công ty Cổ phần Lilama 69-3,L63,UPCOM,2016-10-06,,0.0,,2022,12,26,325651000000.0
4904,3109,6.8,6.8,6.8,6.8,0,0.0,0.0,0,0,0,0.0,6.8,0.0,0,Công ty Cổ phần Lilama 69-3,L63,UPCOM,2016-10-06,,0.0,,2022,12,27,248602000000.0
4903,3109,6.8,6.8,6.8,6.8,0,0.0,0.0,0,0,0,0.0,6.8,0.0,0,Công ty Cổ phần Lilama 69-3,L63,UPCOM,2016-10-06,,0.0,,2022,12,28,189576000000.0
4902,3109,6.8,6.8,6.8,6.8,0,0.0,0.0,0,0,0,0.0,6.8,0.0,0,Công ty Cổ phần Lilama 69-3,L63,UPCOM,2016-10-06,,0.0,,2022,12,29,234501000000.0
4901,3109,6.8,6.8,6.8,6.8,0,0.0,0.0,0,0,0,0.0,6.8,0.0,0,Công ty Cổ phần Lilama 69-3,L63,UPCOM,2016-10-06,,0.0,,2022,12,30,248672000000.0
4900,3109,7.5,7.5,7.5,7.5,100,0.0,0.0,0,0,0,750000.0,7.5,0.7,0,Công ty Cổ phần Lilama 69-3,L63,UPCOM,2016-10-06,,0.0,,2023,1,3,394193000000.0
4899,3109,7.5,7.5,7.5,7.5,0,0.0,0.0,0,0,0,0.0,7.5,0.0,0,Công ty Cổ phần Lilama 69-3,L63,UPCOM,2016-10-06,,0.0,,2023,1,4,379313000000.0
4898,3109,7.5,7.5,7.5,7.5,0,0.0,0.0,0,0,0,0.0,7.5,0.0,0,Công ty Cổ phần Lilama 69-3,L63,UPCOM,2016-10-06,,0.0,,2023,1,5,322105000000.0
4897,3109,7.5,7.5,7.5,7.5,0,0.0,0.0,0,0,0,0.0,7.5,0.0,0,Công ty Cổ phần Lilama 69-3,L63,UPCOM,2016-10-06,,0.0,,2023,1,6,472448000000.0
4896,3109,7.5,7.5,7.5,7.5,0,0.0,0.0,0,0,0,0.0,7.5,0.0,0,Công ty Cổ phần Lilama 69-3,L63,UPCOM,2016-10-06,,0.0,,2023,1,9,270830000000.0
4895,3109,7.5,7.5,7.5,7.5,0,0.0,0.0,0,0,0,0.0,7.5,0.0,0,Công ty Cổ phần Lilama 69-3,L63,UPCOM,2016-10-06,,0.0,,2023,1,10,316669000000.0
4894,3109,7.5,7.5,7.5,7.5,0,0.0,0.0,0,0,0,0.0,7.5,0.0,0,Công ty Cổ phần Lilama 69-3,L63,UPCOM,2016-10-06,,0.0,,2023,1,11,270859000000.0
4893,3109,7.5,7.5,7.5,7.5,0,0.0,0.0,0,0,0,0.0,7.5,0.0,0,Công ty Cổ phần Lilama 69-3,L63,UPCOM,2016-10-06,,0.0,,2023,1,12,363027000000.0
4892,3109,7.5,7.5,7.5,7.5,0,0.0,0.0,0,0,0,0.0,7.5,0.0,0,Công ty Cổ phần Lilama 69-3,L63,UPCOM,2016-10-06,,0.0,,2023,1,13,342281000000.0
4891,3109,7.5,7.5,7.5,7.5,0,0.0,0.0,0,0,0,0.0,7.5,0.0,0,Công ty Cổ phần Lilama 69-3,L63,UPCOM,2016-10-06,,0.0,,2023,1,16,286815000000.0
4890,3109,7.5,7.5,7.5,7.5,0,0.0,0.0,0,0,0,0.0,7.5,0.0,0,Công ty Cổ phần Lilama 69-3,L63,UPCOM,2016-10-06,,0.0,,2023,1,17,326856000000.0
4889,3109,7.5,7.5,7.5,7.5,0,0.0,0.0,0,0,0,0.0,7.5,0.0,0,Công ty Cổ phần Lilama 69-3,L63,UPCOM,2016-10-06,,0.0,,2023,1,18,500008000000.0
4888,3109,7.5,7.5,7.5,7.5,0,0.0,0.0,0,0,0,0.0,7.5,0.0,0,Công ty Cổ phần Lilama 69-3,L63,UPCOM,2016-10-06,,0.0,,2023,1,19,400379000000.0
4887,3109,7.5,7.5,7.5,7.5,0,0.0,0.0,0,0,0,0.0,7.5,0.0,0,Công ty Cổ phần Lilama 69-3,L63,UPCOM,2016-10-06,,0.0,,2023,1,27,529947000000.0
4886,3109,7.5,7.5,7.5,7.5,0,0.0,0.0,0,0,0,0.0,7.5,0.0,0,Công ty Cổ phần Lilama 69-3,L63,UPCOM,2016-10-06,,0.0,,2023,1,30,576405000000.0
4885,3109,7.5,7.5,7.5,7.5,0,0.0,0.0,0,0,0,0.0,7.5,0.0,0,Công ty Cổ phần Lilama 69-3,L63,UPCOM,2016-10-06,,0.0,,2023,1,31,514879000000.0
4884,3109,7.5,7.5,7.5,7.5,0,0.0,0.0,0,0,0,0.0,7.5,0.0,0,Công ty Cổ phần Lilama 69-3,L63,UPCOM,2016-10-06,,0.0,,2023,2,1,651810000000.0
4883,3109,7.5,7.5,7.5,7.5,0,0.0,0.0,0,0,0,0.0,7.5,0.0,0,Công ty Cổ phần Lilama 69-3,L63,UPCOM,2016-10-06,,0.0,,2023,2,2,434858000000.0
4882,3109,7.5,7.5,7.5,7.5,0,0.0,0.0,0,0,0,0.0,7.5,0.0,0,Công ty Cổ phần Lilama 69-3,L63,UPCOM,2016-10-06,,0.0,,2023,2,3,306591000000.0
4881,3109,7.5,7.5,7.5,7.5,0,0.0,0.0,0,0,0,0.0,7.5,0.0,0,Công ty Cổ phần Lilama 69-3,L63,UPCOM,2016-10-06,,0.0,,2023,2,6,253484000000.0
4880,3109,7.5,7.5,7.5,7.5,0,0.0,0.0,0,0,0,0.0,7.5,0.0,0,Công ty Cổ phần Lilama 69-3,L63,UPCOM,2016-10-06,,0.0,,2023,2,7,374354000000.0
4879,3109,7.5,7.5,7.5,7.5,0,0.0,0.0,0,0,0,0.0,7.5,0.0,0,Công ty Cổ phần Lilama 69-3,L63,UPCOM,2016-10-06,,0.0,,2023,2,8,320223000000.0
4878,3109,7.5,7.5,7.5,7.5,0,0.0,0.0,0,0,0,0.0,7.5,0.0,0,Công ty Cổ phần Lilama 69-3,L63,UPCOM,2016-10-06,,0.0,,2023,2,9,493832000000.0
4877,3109,7.5,7.5,7.5,7.5,0,0.0,0.0,0,0,0,0.0,7.5,0.0,0,Công ty Cổ phần Lilama 69-3,L63,UPCOM,2016-10-06,,0.0,,2023,2,10,293443000000.0
4876,3109,7.5,7.5,7.5,7.5,0,0.0,0.0,0,0,0,0.0,7.5,0.0,0,Công ty Cổ phần Lilama 69-3,L63,UPCOM,2016-10-06,,0.0,,2023,2,13,426801000000.0
4875,3109,7.5,7.5,7.5,7.5,0,0.0,0.0,0,0,0,0.0,7.5,0.0,0,Công ty Cổ phần Lilama 69-3,L63,UPCOM,2016-10-06,,0.0,,2023,2,14,219507000000.0
4874,3109,7.5,7.5,7.5,7.5,0,0.0,0.0,0,0,0,0.0,7.5,0.0,0,Công ty Cổ phần Lilama 69-3,L63,UPCOM,2016-10-06,,0.0,,2023,2,15,256646000000.0
4873,3109,9.5,9.5,9.5,9.5,100,0.0,0.0,0,0,0,950000.0,9.5,2.0,0,Công ty Cổ phần Lilama 69-3,L63,UPCOM,2016-10-06,,0.0,,2023,2,16,411451000000.0
4872,3109,9.5,9.5,9.5,9.5,200,0.0,0.0,0,0,0,1900000.0,9.5,0.0,0,Công ty Cổ phần Lilama 69-3,L63,UPCOM,2016-10-06,,0.0,,2023,2,17,301777000000.0
4871,3109,9.5,9.5,9.5,9.5,0,0.0,0.0,0,0,0,0.0,9.5,0.0,0,Công ty Cổ phần Lilama 69-3,L63,UPCOM,2016-10-06,,0.0,,2023,2,20,522195000000.0
4870,3109,8.1,8.1,8.1,8.1,432,0.0,0.0,0,0,0,3499200.0,8.1,-1.4,0,Công ty Cổ phần Lilama 69-3,L63,UPCOM,2016-10-06,,0.0,,2023,2,21,547496000000.0
4869,3109,8.1,8.1,8.1,8.1,0,0.0,0.0,0,0,0,0.0,8.1,0.0,0,Công ty Cổ phần Lilama 69-3,L63,UPCOM,2016-10-06,,0.0,,2023,2,22,697977000000.0
4868,3109,8.1,8.1,8.1,8.1,0,0.0,0.0,0,0,0,0.0,8.1,0.0,0,Công ty Cổ phần Lilama 69-3,L63,UPCOM,2016-10-06,,0.0,,2023,2,23,445714000000.0
4867,3109,8.1,8.1,8.1,8.1,0,0.0,0.0,0,0,0,0.0,8.1,0.0,0,Công ty Cổ phần Lilama 69-3,L63,UPCOM,2016-10-06,,0.0,,2023,2,24,310887000000.0
4866,3109,8.1,8.1,8.1,8.1,0,0.0,0.0,0,0,0,0.0,8.1,0.0,0,Công ty Cổ phần Lilama 69-3,L63,UPCOM,2016-10-06,,0.0,,2023,2,27,335400000000.0
4865,3109,8.1,8.1,8.1,8.1,0,0.0,0.0,0,0,0,0.0,8.1,0.0,0,Công ty Cổ phần Lilama 69-3,L63,UPCOM,2016-10-06,,0.0,,2023,2,28,226149000000.0
4864,3109,6.9,6.9,6.9,6.9,100,0.0,0.0,0,0,0,690000.0,6.9,-1.2,0,Công ty Cổ phần Lilama 69-3,L63,UPCOM,2016-10-06,,0.0,,2023,3,1,283510000000.0
4863,3109,6.9,6.9,6.9,6.9,0,0.0,0.0,0,0,0,0.0,6.9,0.0,0,Công ty Cổ phần Lilama 69-3,L63,UPCOM,2016-10-06,,0.0,,2023,3,2,205227000000.0
4862,3109,6.9,6.9,6.9,6.9,0,0.0,0.0,0,0,0,0.0,6.9,0.0,0,Công ty Cổ phần Lilama 69-3,L63,UPCOM,2016-10-06,,0.0,,2023,3,3,345475000000.0
4861,3109,6.9,6.9,6.9,6.9,0,0.0,0.0,0,0,0,0.0,6.9,0.0,0,Công ty Cổ phần Lilama 69-3,L63,UPCOM,2016-10-06,,0.0,,2023,3,6,253002000000.0
4860,3109,6.9,6.9,6.9,6.9,0,0.0,0.0,0,0,0,0.0,6.9,0.0,0,Công ty Cổ phần Lilama 69-3,L63,UPCOM,2016-10-06,,0.0,,2023,3,7,212788000000.0
4859,3109,6.9,6.9,6.9,6.9,0,0.0,0.0,0,0,0,0.0,6.9,0.0,0,Công ty Cổ phần Lilama 69-3,L63,UPCOM,2016-10-06,,0.0,,2023,3,8,316936000000.0
4858,3109,6.9,6.9,6.9,6.9,0,0.0,0.0,0,0,0,0.0,6.9,0.0,0,Công ty Cổ phần Lilama 69-3,L63,UPCOM,2016-10-06,,0.0,,2023,3,9,292770000000.0
4857,3109,6.9,6.9,6.9,6.9,0,0.0,0.0,0,0,0,0.0,6.9,0.0,0,Công ty Cổ phần Lilama 69-3,L63,UPCOM,2016-10-06,,0.0,,2023,3,10,337404000000.0
4856,3109,6.9,6.9,6.9,6.9,0,0.0,0.0,0,0,0,0.0,6.9,0.0,0,Công ty Cổ phần Lilama 69-3,L63,UPCOM,2016-10-06,,0.0,,2023,3,13,296892000000.0
4855,3109,6.9,6.9,6.9,6.9,0,0.0,0.0,0,0,0,0.0,6.9,0.0,0,Công ty Cổ phần Lilama 69-3,L63,UPCOM,2016-10-06,,0.0,,2023,3,14,331480000000.0
4854,3109,6.9,6.9,6.9,6.9,0,0.0,0.0,0,0,0,0.0,6.9,0.0,0,Công ty Cổ phần Lilama 69-3,L63,UPCOM,2016-10-06,,0.0,,2023,3,15,354480000000.0
4853,3109,6.9,6.9,6.9,6.9,0,0.0,0.0,0,0,0,0.0,6.9,0.0,0,Công ty Cổ phần Lilama 69-3,L63,UPCOM,2016-10-06,,0.0,,2023,3,16,299627000000.0
4852,3109,6.9,6.9,6.9,6.9,0,0.0,0.0,0,0,0,0.0,6.9,0.0,0,Công ty Cổ phần Lilama 69-3,L63,UPCOM,2016-10-06,,0.0,,2023,3,17,227981000000.0
4851,3109,6.9,6.9,6.9,6.9,0,0.0,0.0,0,0,0,0.0,6.9,0.0,0,Công ty Cổ phần Lilama 69-3,L63,UPCOM,2016-10-06,,0.0,,2023,3,20,333750000000.0
4850,3109,6.9,6.9,6.9,6.9,0,0.0,0.0,0,0,0,0.0,6.9,0.0,0,Công ty Cổ phần Lilama 69-3,L63,UPCOM,2016-10-06,,0.0,,2023,3,21,239704000000.0
4849,3109,5.9,5.9,5.9,5.9,1700,0.0,0.0,0,0,0,10030000.0,5.9,-1.0,0,Công ty Cổ phần Lilama 69-3,L63,UPCOM,2016-10-06,,0.0,,2023,3,22,213548000000.0
4848,3109,5.9,5.9,5.9,5.9,0,0.0,0.0,0,0,0,0.0,5.9,0.0,0,Công ty Cổ phần Lilama 69-3,L63,UPCOM,2016-10-06,,0.0,,2023,3,23,168529000000.0
4847,3109,5.9,5.9,5.9,5.9,0,0.0,0.0,0,0,0,0.0,5.9,0.0,0,Công ty Cổ phần Lilama 69-3,L63,UPCOM,2016-10-06,,0.0,,2023,3,24,262514000000.0
4846,3109,6.7,6.7,6.7,6.7,1300,0.0,0.0,0,0,0,8710000.0,6.7,0.8,0,Công ty Cổ phần Lilama 69-3,L63,UPCOM,2016-10-06,,0.0,,2023,3,27,209592000000.0
4845,3109,6.7,6.7,6.7,6.7,0,0.0,0.0,0,0,0,0.0,6.7,0.0,0,Công ty Cổ phần Lilama 69-3,L63,UPCOM,2016-10-06,,0.0,,2023,3,28,270109000000.0
4844,3109,6.7,6.7,6.7,6.7,0,0.0,0.0,0,0,0,0.0,6.7,0.0,0,Công ty Cổ phần Lilama 69-3,L63,UPCOM,2016-10-06,,0.0,,2023,3,29,226601000000.0
4843,3109,6.7,6.7,6.7,6.7,0,0.0,0.0,0,0,0,0.0,6.7,0.0,0,Công ty Cổ phần Lilama 69-3,L63,UPCOM,2016-10-06,,0.0,,2023,3,30,300660000000.0
4842,3109,6.7,6.7,6.7,6.7,0,0.0,0.0,0,0,0,0.0,6.7,0.0,0,Công ty Cổ phần Lilama 69-3,L63,UPCOM,2016-10-06,,0.0,,2023,3,31,308609000000.0
4841,3109,6.7,6.7,6.7,6.7,0,0.0,0.0,0,0,0,0.0,6.7,0.0,0,Công ty Cổ phần Lilama 69-3,L63,UPCOM,2016-10-06,,0.0,,2023,4,4,485153000000.0
4840,3109,6.7,6.7,6.7,6.7,0,0.0,0.0,0,0,0,0.0,6.7,0.0,0,Công ty Cổ phần Lilama 69-3,L63,UPCOM,2016-10-06,,0.0,,2023,4,6,593943000000.0
4839,3109,6.7,6.7,6.7,6.7,0,0.0,0.0,0,0,0,0.0,6.7,0.0,0,Công ty Cổ phần Lilama 69-3,L63,UPCOM,2016-10-06,,0.0,,2023,4,12,484438000000.0
4838,3109,6.7,6.7,6.7,6.7,0,0.0,0.0,0,0,0,0.0,6.7,0.0,0,Công ty Cổ phần Lilama 69-3,L63,UPCOM,2016-10-06,,0.0,,2023,4,13,618913000000.0
4837,3109,6.7,6.7,6.7,6.7,0,0.0,0.0,0,0,0,0.0,6.7,0.0,0,Công ty Cổ phần Lilama 69-3,L63,UPCOM,2016-10-06,,0.0,,2023,4,14,467276000000.0
4836,3109,6.7,6.7,6.7,6.7,0,0.0,0.0,0,0,0,0.0,6.7,0.0,0,Công ty Cổ phần Lilama 69-3,L63,UPCOM,2016-10-06,,0.0,,2023,4,17,273987000000.0
4835,3109,6.7,6.7,6.7,6.7,0,0.0,0.0,0,0,0,0.0,6.7,0.0,0,Công ty Cổ phần Lilama 69-3,L63,UPCOM,2016-10-06,,0.0,,2023,4,18,300902000000.0
4834,3109,6.7,6.7,6.7,6.7,0,0.0,0.0,0,0,0,0.0,6.7,0.0,0,Công ty Cổ phần Lilama 69-3,L63,UPCOM,2016-10-06,,0.0,,2023,4,19,338387000000.0
4833,3109,6.7,6.7,6.7,6.7,0,0.0,0.0,0,0,0,0.0,6.7,0.0,0,Công ty Cổ phần Lilama 69-3,L63,UPCOM,2016-10-06,,0.0,,2023,4,20,414385000000.0
4832,3109,6.7,6.7,6.7,6.7,0,0.0,0.0,0,0,0,0.0,6.7,0.0,0,Công ty Cổ phần Lilama 69-3,L63,UPCOM,2016-10-06,,0.0,,2023,4,21,425911000000.0
4831,3109,6.7,6.7,6.7,6.7,0,0.0,0.0,0,0,0,0.0,6.7,0.0,0,Công ty Cổ phần Lilama 69-3,L63,UPCOM,2016-10-06,,0.0,,2023,4,24,287780000000.0
4830,3109,6.7,6.7,6.7,6.7,0,0.0,0.0,0,0,0,0.0,6.7,0.0,0,Công ty Cổ phần Lilama 69-3,L63,UPCOM,2016-10-06,,0.0,,2023,4,25,334702000000.0
4829,3109,6.7,6.7,6.7,6.7,0,0.0,0.0,0,0,0,0.0,6.7,0.0,0,Công ty Cổ phần Lilama 69-3,L63,UPCOM,2016-10-06,,0.0,,2023,4,26,265702000000.0
4828,3109,6.7,6.7,6.7,6.7,0,0.0,0.0,0,0,0,0.0,6.7,0.0,0,Công ty Cổ phần Lilama 69-3,L63,UPCOM,2016-10-06,,0.0,,2023,4,27,284819000000.0
4827,3109,6.7,6.7,6.7,6.7,0,0.0,0.0,0,0,0,0.0,6.7,0.0,0,Công ty Cổ phần Lilama 69-3,L63,UPCOM,2016-10-06,,0.0,,2023,4,28,382171000000.0
4826,3109,6.7,6.7,6.7,6.7,0,0.0,0.0,0,0,0,0.0,6.7,0.0,0,Công ty Cổ phần Lilama 69-3,L63,UPCOM,2016-10-06,,0.0,,2023,5,4,414253000000.0
4825,3109,6.7,6.7,6.7,6.7,0,0.0,0.0,0,0,0,0.0,6.7,0.0,0,Công ty Cổ phần Lilama 69-3,L63,UPCOM,2016-10-06,,0.0,,2023,5,5,396206000000.0
4824,3109,6.7,6.7,6.7,6.7,0,0.0,0.0,0,0,0,0.0,6.7,0.0,0,Công ty Cổ phần Lilama 69-3,L63,UPCOM,2016-10-06,,0.0,,2023,5,8,482203000000.0
4823,3109,6.7,6.7,6.7,6.7,0,0.0,0.0,0,0,0,0.0,6.7,0.0,0,Công ty Cổ phần Lilama 69-3,L63,UPCOM,2016-10-06,,0.0,,2023,5,9,470513000000.0
4822,3109,6.7,6.7,6.7,6.7,0,0.0,0.0,0,0,0,0.0,6.7,0.0,0,Công ty Cổ phần Lilama 69-3,L63,UPCOM,2016-10-06,,0.0,,2023,5,10,482095000000.0
4821,3109,6.7,6.7,6.7,6.7,0,0.0,0.0,0,0,0,0.0,6.7,0.0,0,Công ty Cổ phần Lilama 69-3,L63,UPCOM,2016-10-06,,0.0,,2023,5,11,459913000000.0
4820,3109,6.7,6.7,6.7,6.7,0,0.0,0.0,0,0,0,0.0,6.7,0.0,0,Công ty Cổ phần Lilama 69-3,L63,UPCOM,2016-10-06,,0.0,,2023,5,12,583345000000.0
4819,3109,6.7,6.7,6.7,6.7,0,0.0,0.0,0,0,0,0.0,6.7,0.0,0,Công ty Cổ phần Lilama 69-3,L63,UPCOM,2016-10-06,,0.0,,2023,5,15,661932000000.0
4818,3109,6.7,6.7,6.7,6.7,0,0.0,0.0,0,0,0,0.0,6.7,0.0,0,Công ty Cổ phần Lilama 69-3,L63,UPCOM,2016-10-06,,0.0,,2023,5,16,513633000000.0
session_id,stock_id,open_price,close_price,high_price,low_price,volume_detail,ceiling_price,floor_price,buy_volume,sell_volume,net_volume,matched_value,adjust_price,change_percent,outstanding_share,name,code,stock_space,join_date,leave_date,init_price,category,year,month,day_of_month,volume_session
5049,3109,7.1,7.1,7.1,7.1,500,0.0,0.0,0,0,0,3550000.0,7.1,0.0,0,Công ty Cổ phần Lilama 69-3,L63,UPCOM,2016-10-06,,0.0,,2022,5,30,840448000000.0
5048,3109,7.1,7.1,7.1,7.1,100,0.0,0.0,0,0,0,710000.0,7.1,0.0,0,Công ty Cổ phần Lilama 69-3,L63,UPCOM,2016-10-06,,0.0,,2022,5,31,1180190000000.0
5047,3109,7.0,7.0,7.0,7.0,57000,0.0,0.0,0,0,0,399000000.0,7.0,-0.1,0,Công ty Cổ phần Lilama 69-3,L63,UPCOM,2016-10-06,,0.0,,2022,6,1,923226000000.0
5046,3109,7.0,7.0,7.0,7.0,0,0.0,0.0,0,0,0,0.0,7.0,0.0,0,Công ty Cổ phần Lilama 69-3,L63,UPCOM,2016-10-06,,0.0,,2022,6,2,1076230000000.0
5045,3109,7.0,7.0,7.0,7.0,0,0.0,0.0,0,0,0,0.0,7.0,0.0,0,Công ty Cổ phần Lilama 69-3,L63,UPCOM,2016-10-06,,0.0,,2022,6,3,1027390000000.0
5044,3109,7.0,7.0,7.0,7.0,0,0.0,0.0,0,0,0,0.0,7.0,0.0,0,Công ty Cổ phần Lilama 69-3,L63,UPCOM,2016-10-06,,0.0,,2022,6,6,1771770000000.0
5043,3109,7.0,7.0,7.0,7.0,0,0.0,0.0,0,0,0,0.0,7.0,0.0,0,Công ty Cổ phần Lilama 69-3,L63,UPCOM,2016-10-06,,0.0,,2022,6,7,1498620000000.0
5042,3109,7.0,7.0,7.0,7.0,0,0.0,0.0,0,0,0,0.0,7.0,0.0,0,Công ty Cổ phần Lilama 69-3,L63,UPCOM,2016-10-06,,0.0,,2022,6,8,1134640000000.0
5041,3109,7.0,7.0,7.0,7.0,0,0.0,0.0,0,0,0,0.0,7.0,0.0,0,Công ty Cổ phần Lilama 69-3,L63,UPCOM,2016-10-06,,0.0,,2022,6,9,1091640000000.0
5040,3109,6.0,6.0,6.0,6.0,300,0.0,0.0,0,0,0,1800000.0,6.0,-1.0,0,Công ty Cổ phần Lilama 69-3,L63,UPCOM,2016-10-06,,0.0,,2022,6,10,1685860000000.0
5039,3109,6.0,6.0,6.0,6.0,0,0.0,0.0,0,0,0,0.0,6.0,0.0,0,Công ty Cổ phần Lilama 69-3,L63,UPCOM,2016-10-06,,0.0,,2022,6,13,1545520000000.0
5038,3109,6.0,6.0,6.0,6.0,19,0.0,0.0,0,0,0,114000.0,6.0,0.0,0,Công ty Cổ phần Lilama 69-3,L63,UPCOM,2016-10-06,,0.0,,2022,6,14,1545520000000.0
5037,3109,6.0,6.0,6.0,6.0,0,0.0,0.0,0,0,0,0.0,6.0,0.0,0,Công ty Cổ phần Lilama 69-3,L63,UPCOM,2016-10-06,,0.0,,2022,6,15,1217920000000.0
5036,3109,6.0,6.0,6.0,6.0,0,0.0,0.0,0,0,0,0.0,6.0,0.0,0,Công ty Cổ phần Lilama 69-3,L63,UPCOM,2016-10-06,,0.0,,2022,6,16,1245030000000.0
5035,3109,6.0,6.0,6.0,6.0,0,0.0,0.0,0,0,0,0.0,6.0,0.0,0,Công ty Cổ phần Lilama 69-3,L63,UPCOM,2016-10-06,,0.0,,2022,6,17,1193980000000.0
5034,3109,6.0,6.0,6.0,6.0,0,0.0,0.0,0,0,0,0.0,6.0,0.0,0,Công ty Cổ phần Lilama 69-3,L63,UPCOM,2016-10-06,,0.0,,2022,6,20,1331860000000.0
5033,3109,6.9,6.9,6.9,6.9,100,0.0,0.0,0,0,0,690000.0,6.9,0.9,0,Công ty Cổ phần Lilama 69-3,L63,UPCOM,2016-10-06,,0.0,,2022,6,21,1156680000000.0
5032,3109,6.2,6.5,6.5,6.1,6200,0.0,0.0,0,0,0,38650000.0,6.5,-0.4,0,Công ty Cổ phần Lilama 69-3,L63,UPCOM,2016-10-06,,0.0,,2022,6,22,1137700000000.0
5031,3109,6.2,6.2,6.2,6.2,0,0.0,0.0,0,0,0,0.0,6.2,0.0,0,Công ty Cổ phần Lilama 69-3,L63,UPCOM,2016-10-06,,0.0,,2022,6,23,772810000000.0
5030,3109,6.2,6.2,6.2,6.2,100,0.0,0.0,0,0,0,620000.0,6.2,0.0,0,Công ty Cổ phần Lilama 69-3,L63,UPCOM,2016-10-06,,0.0,,2022,6,24,626688000000.0
5029,3109,6.2,6.2,6.2,6.2,0,0.0,0.0,0,0,0,0.0,6.2,0.0,0,Công ty Cổ phần Lilama 69-3,L63,UPCOM,2016-10-06,,0.0,,2022,6,27,710843000000.0
5028,3109,6.2,6.2,6.2,6.2,0,0.0,0.0,0,0,0,0.0,6.2,0.0,0,Công ty Cổ phần Lilama 69-3,L63,UPCOM,2016-10-06,,0.0,,2022,6,28,773942000000.0
5027,3109,6.2,6.2,6.2,6.2,0,0.0,0.0,0,0,0,0.0,6.2,0.0,0,Công ty Cổ phần Lilama 69-3,L63,UPCOM,2016-10-06,,0.0,,2022,6,29,699856000000.0
5026,3109,6.2,6.2,6.2,6.2,0,0.0,0.0,0,0,0,0.0,6.2,0.0,0,Công ty Cổ phần Lilama 69-3,L63,UPCOM,2016-10-06,,0.0,,2022,6,30,591030000000.0
5025,3109,6.2,6.2,6.2,6.2,0,0.0,0.0,0,0,0,0.0,6.2,0.0,0,Công ty Cổ phần Lilama 69-3,L63,UPCOM,2016-10-06,,0.0,,2022,7,1,894660000000.0
5024,3109,6.2,6.2,6.2,6.2,0,0.0,0.0,0,0,0,0.0,6.2,0.0,0,Công ty Cổ phần Lilama 69-3,L63,UPCOM,2016-10-06,,0.0,,2022,7,4,447241000000.0
5023,3109,7.1,7.1,7.1,7.1,100,0.0,0.0,0,0,0,710000.0,7.1,0.9,0,Công ty Cổ phần Lilama 69-3,L63,UPCOM,2016-10-06,,0.0,,2022,7,5,740065000000.0
5022,3109,7.1,7.1,7.1,7.1,0,0.0,0.0,0,0,0,0.0,7.1,0.0,0,Công ty Cổ phần Lilama 69-3,L63,UPCOM,2016-10-06,,0.0,,2022,7,6,1146100000000.0
5021,3109,7.1,7.1,7.1,7.1,0,0.0,0.0,0,0,0,0.0,7.1,0.0,0,Công ty Cổ phần Lilama 69-3,L63,UPCOM,2016-10-06,,0.0,,2022,7,7,558794000000.0
5020,3109,7.1,7.1,7.1,7.1,0,0.0,0.0,0,0,0,0.0,7.1,0.0,0,Công ty Cổ phần Lilama 69-3,L63,UPCOM,2016-10-06,,0.0,,2022,7,8,508233000000.0
5019,3109,7.1,7.1,7.1,7.1,0,0.0,0.0,0,0,0,0.0,7.1,0.0,0,Công ty Cổ phần Lilama 69-3,L63,UPCOM,2016-10-06,,0.0,,2022,7,11,513739000000.0
5018,3109,7.1,7.1,7.1,7.1,0,0.0,0.0,0,0,0,0.0,7.1,0.0,0,Công ty Cổ phần Lilama 69-3,L63,UPCOM,2016-10-06,,0.0,,2022,7,12,601468000000.0
5017,3109,7.1,7.1,7.1,7.1,0,0.0,0.0,0,0,0,0.0,7.1,0.0,0,Công ty Cổ phần Lilama 69-3,L63,UPCOM,2016-10-06,,0.0,,2022,7,13,673128000000.0
5016,3109,7.1,7.1,7.1,7.1,0,0.0,0.0,0,0,0,0.0,7.1,0.0,0,Công ty Cổ phần Lilama 69-3,L63,UPCOM,2016-10-06,,0.0,,2022,7,14,555619000000.0
5015,3109,7.1,7.1,7.1,7.1,0,0.0,0.0,0,0,0,0.0,7.1,0.0,0,Công ty Cổ phần Lilama 69-3,L63,UPCOM,2016-10-06,,0.0,,2022,7,15,646018000000.0
5014,3109,7.1,7.1,7.1,7.1,0,0.0,0.0,0,0,0,0.0,7.1,0.0,0,Công ty Cổ phần Lilama 69-3,L63,UPCOM,2016-10-06,,0.0,,2022,7,18,614343000000.0
5013,3109,7.1,7.1,7.1,7.1,0,0.0,0.0,0,0,0,0.0,7.1,0.0,0,Công ty Cổ phần Lilama 69-3,L63,UPCOM,2016-10-06,,0.0,,2022,7,19,729064000000.0
5012,3109,7.1,7.1,7.1,7.1,0,0.0,0.0,0,0,0,0.0,7.1,0.0,0,Công ty Cổ phần Lilama 69-3,L63,UPCOM,2016-10-06,,0.0,,2022,7,20,789084000000.0
5011,3109,7.1,7.1,7.1,7.1,0,0.0,0.0,0,0,0,0.0,7.1,0.0,0,Công ty Cổ phần Lilama 69-3,L63,UPCOM,2016-10-06,,0.0,,2022,7,21,699820000000.0
5010,3109,7.1,7.1,7.1,7.1,0,0.0,0.0,0,0,0,0.0,7.1,0.0,0,Công ty Cổ phần Lilama 69-3,L63,UPCOM,2016-10-06,,0.0,,2022,7,22,829139000000.0
5009,3109,7.1,7.1,7.1,7.1,0,0.0,0.0,0,0,0,0.0,7.1,0.0,0,Công ty Cổ phần Lilama 69-3,L63,UPCOM,2016-10-06,,0.0,,2022,7,25,597092000000.0
5008,3109,7.1,7.1,7.1,7.1,0,0.0,0.0,0,0,0,0.0,7.1,0.0,0,Công ty Cổ phần Lilama 69-3,L63,UPCOM,2016-10-06,,0.0,,2022,7,26,770106000000.0
5007,3109,7.1,7.1,7.1,7.1,0,0.0,0.0,0,0,0,0.0,7.1,0.0,0,Công ty Cổ phần Lilama 69-3,L63,UPCOM,2016-10-06,,0.0,,2022,7,27,455566000000.0
5006,3109,7.1,7.1,7.1,7.1,0,0.0,0.0,0,0,0,0.0,7.1,0.0,0,Công ty Cổ phần Lilama 69-3,L63,UPCOM,2016-10-06,,0.0,,2022,7,28,727777000000.0
5005,3109,7.1,7.1,7.1,7.1,0,0.0,0.0,0,0,0,0.0,7.1,0.0,0,Công ty Cổ phần Lilama 69-3,L63,UPCOM,2016-10-06,,0.0,,2022,7,29,711504000000.0
5004,3109,7.1,7.1,7.1,7.1,0,0.0,0.0,0,0,0,0.0,7.1,0.0,0,Công ty Cổ phần Lilama 69-3,L63,UPCOM,2016-10-06,,0.0,,2022,8,1,951330000000.0
5003,3109,7.1,7.1,7.1,7.1,0,0.0,0.0,0,0,0,0.0,7.1,0.0,0,Công ty Cổ phần Lilama 69-3,L63,UPCOM,2016-10-06,,0.0,,2022,8,2,817183000000.0
5002,3109,7.7,7.7,7.7,7.7,100,0.0,0.0,0,0,0,770000.0,7.7,0.6,0,Công ty Cổ phần Lilama 69-3,L63,UPCOM,2016-10-06,,0.0,,2022,8,3,746149000000.0
5001,3109,7.7,7.7,7.7,7.7,0,0.0,0.0,0,0,0,0.0,7.7,0.0,0,Công ty Cổ phần Lilama 69-3,L63,UPCOM,2016-10-06,,0.0,,2022,8,4,783156000000.0
5000,3109,7.7,7.7,7.7,7.7,0,0.0,0.0,0,0,0,0.0,7.7,0.0,0,Công ty Cổ phần Lilama 69-3,L63,UPCOM,2016-10-06,,0.0,,2022,8,5,918313000000.0
4999,3109,7.7,7.7,7.7,7.7,0,0.0,0.0,0,0,0,0.0,7.7,0.0,0,Công ty Cổ phần Lilama 69-3,L63,UPCOM,2016-10-06,,0.0,,2022,8,8,845253000000.0
4998,3109,7.7,7.7,7.7,7.7,0,0.0,0.0,0,0,0,0.0,7.7,0.0,0,Công ty Cổ phần Lilama 69-3,L63,UPCOM,2016-10-06,,0.0,,2022,8,9,771208000000.0
4997,3109,7.7,7.7,7.7,7.7,0,0.0,0.0,0,0,0,0.0,7.7,0.0,0,Công ty Cổ phần Lilama 69-3,L63,UPCOM,2016-10-06,,0.0,,2022,8,10,764196000000.0
4996,3109,7.7,7.7,7.7,7.7,0,0.0,0.0,0,0,0,0.0,7.7,0.0,0,Công ty Cổ phần Lilama 69-3,L63,UPCOM,2016-10-06,,0.0,,2022,8,11,1078050000000.0
4995,3109,7.7,7.7,7.7,7.7,0,0.0,0.0,0,0,0,0.0,7.7,0.0,0,Công ty Cổ phần Lilama 69-3,L63,UPCOM,2016-10-06,,0.0,,2022,8,12,721743000000.0
4994,3109,7.7,7.7,7.7,7.7,0,0.0,0.0,0,0,0,0.0,7.7,0.0,0,Công ty Cổ phần Lilama 69-3,L63,UPCOM,2016-10-06,,0.0,,2022,8,15,748299000000.0
4993,3109,7.7,7.7,7.7,7.7,0,0.0,0.0,0,0,0,0.0,7.7,0.0,0,Công ty Cổ phần Lilama 69-3,L63,UPCOM,2016-10-06,,0.0,,2022,8,16,829298000000.0
4992,3109,7.7,7.7,7.7,7.7,0,0.0,0.0,0,0,0,0.0,7.7,0.0,0,Công ty Cổ phần Lilama 69-3,L63,UPCOM,2016-10-06,,0.0,,2022,8,17,857219000000.0
4991,3109,7.7,7.7,7.7,7.7,0,0.0,0.0,0,0,0,0.0,7.7,0.0,0,Công ty Cổ phần Lilama 69-3,L63,UPCOM,2016-10-06,,0.0,,2022,8,18,558021000000.0
4990,3109,7.7,7.7,7.7,7.7,0,0.0,0.0,0,0,0,0.0,7.7,0.0,0,Công ty Cổ phần Lilama 69-3,L63,UPCOM,2016-10-06,,0.0,,2022,8,19,790097000000.0
4989,3109,7.6,7.6,7.6,7.6,100,0.0,0.0,0,0,0,760000.0,7.6,-0.1,0,Công ty Cổ phần Lilama 69-3,L63,UPCOM,2016-10-06,,0.0,,2022,8,22,627318000000.0
4988,3109,7.6,7.6,7.6,7.6,0,0.0,0.0,0,0,0,0.0,7.6,0.0,0,Công ty Cổ phần Lilama 69-3,L63,UPCOM,2016-10-06,,0.0,,2022,8,23,968765000000.0
4987,3109,8.0,8.0,8.0,8.0,100,0.0,0.0,0,0,0,800000.0,8.0,0.4,0,Công ty Cổ phần Lilama 69-3,L63,UPCOM,2016-10-06,,0.0,,2022,8,24,980882000000.0
4986,3109,8.0,8.0,8.0,8.0,0,0.0,0.0,0,0,0,0.0,8.0,0.0,0,Công ty Cổ phần Lilama 69-3,L63,UPCOM,2016-10-06,,0.0,,2022,8,25,819391000000.0
4985,3109,8.0,8.0,8.0,8.0,0,0.0,0.0,0,0,0,0.0,8.0,0.0,0,Công ty Cổ phần Lilama 69-3,L63,UPCOM,2016-10-06,,0.0,,2022,8,26,836548000000.0
4984,3109,8.0,8.0,8.0,8.0,0,0.0,0.0,0,0,0,0.0,8.0,0.0,0,Công ty Cổ phần Lilama 69-3,L63,UPCOM,2016-10-06,,0.0,,2022,8,29,1112720000000.0
4983,3109,8.0,8.0,8.0,8.0,0,0.0,0.0,0,0,0,0.0,8.0,0.0,0,Công ty Cổ phần Lilama 69-3,L63,UPCOM,2016-10-06,,0.0,,2022,8,30,783564000000.0
4982,3109,8.0,8.0,8.0,8.0,0,0.0,0.0,0,0,0,0.0,8.0,0.0,0,Công ty Cổ phần Lilama 69-3,L63,UPCOM,2016-10-06,,0.0,,2022,8,31,665368000000.0
4981,3109,8.0,8.0,8.0,8.0,0,0.0,0.0,0,0,0,0.0,8.0,0.0,0,Công ty Cổ phần Lilama 69-3,L63,UPCOM,2016-10-06,,0.0,,2022,9,5,570170000000.0
4980,3109,8.0,8.0,8.0,8.0,0,0.0,0.0,0,0,0,0.0,8.0,0.0,0,Công ty Cổ phần Lilama 69-3,L63,UPCOM,2016-10-06,,0.0,,2022,9,6,583215000000.0
4979,3109,8.0,8.0,8.0,8.0,0,0.0,0.0,0,0,0,0.0,8.0,0.0,0,Công ty Cổ phần Lilama 69-3,L63,UPCOM,2016-10-06,,0.0,,2022,9,7,1043650000000.0
4978,3109,8.0,8.0,8.0,8.0,0,0.0,0.0,0,0,0,0.0,8.0,0.0,0,Công ty Cổ phần Lilama 69-3,L63,UPCOM,2016-10-06,,0.0,,2022,9,8,691296000000.0
4977,3109,8.0,8.0,8.0,8.0,0,0.0,0.0,0,0,0,0.0,8.0,0.0,0,Công ty Cổ phần Lilama 69-3,L63,UPCOM,2016-10-06,,0.0,,2022,9,9,652442000000.0
4976,3109,8.0,8.0,8.0,8.0,0,0.0,0.0,0,0,0,0.0,8.0,0.0,0,Công ty Cổ phần Lilama 69-3,L63,UPCOM,2016-10-06,,0.0,,2022,9,12,490230000000.0
4975,3109,8.0,8.0,8.0,8.0,0,0.0,0.0,0,0,0,0.0,8.0,0.0,0,Công ty Cổ phần Lilama 69-3,L63,UPCOM,2016-10-06,,0.0,,2022,9,13,503940000000.0
4974,3109,8.0,8.0,8.0,8.0,0,0.0,0.0,0,0,0,0.0,8.0,0.0,0,Công ty Cổ phần Lilama 69-3,L63,UPCOM,2016-10-06,,0.0,,2022,9,14,630169000000.0
4973,3109,8.0,8.0,8.0,8.0,0,0.0,0.0,0,0,0,0.0,8.0,0.0,0,Công ty Cổ phần Lilama 69-3,L63,UPCOM,2016-10-06,,0.0,,2022,9,15,425942000000.0
4972,3109,8.0,8.0,8.0,8.0,0,0.0,0.0,0,0,0,0.0,8.0,0.0,0,Công ty Cổ phần Lilama 69-3,L63,UPCOM,2016-10-06,,0.0,,2022,9,16,600887000000.0
4971,3109,8.0,8.0,8.0,8.0,0,0.0,0.0,0,0,0,0.0,8.0,0.0,0,Công ty Cổ phần Lilama 69-3,L63,UPCOM,2016-10-06,,0.0,,2022,9,19,657169000000.0
4970,3109,8.0,8.0,8.0,8.0,0,0.0,0.0,0,0,0,0.0,8.0,0.0,0,Công ty Cổ phần Lilama 69-3,L63,UPCOM,2016-10-06,,0.0,,2022,9,20,495190000000.0
4969,3109,8.0,8.0,8.0,8.0,0,0.0,0.0,0,0,0,0.0,8.0,0.0,0,Công ty Cổ phần Lilama 69-3,L63,UPCOM,2016-10-06,,0.0,,2022,9,21,402121000000.0
4968,3109,8.0,8.0,8.0,8.0,0,0.0,0.0,0,0,0,0.0,8.0,0.0,0,Công ty Cổ phần Lilama 69-3,L63,UPCOM,2016-10-06,,0.0,,2022,9,22,533578000000.0
4967,3109,8.0,8.0,8.0,8.0,0,0.0,0.0,0,0,0,0.0,8.0,0.0,0,Công ty Cổ phần Lilama 69-3,L63,UPCOM,2016-10-06,,0.0,,2022,9,23,594528000000.0
4966,3109,8.0,8.0,8.0,8.0,0,0.0,0.0,0,0,0,0.0,8.0,0.0,0,Công ty Cổ phần Lilama 69-3,L63,UPCOM,2016-10-06,,0.0,,2022,9,26,659970000000.0
4965,3109,8.0,8.0,8.0,8.0,0,0.0,0.0,0,0,0,0.0,8.0,0.0,0,Công ty Cổ phần Lilama 69-3,L63,UPCOM,2016-10-06,,0.0,,2022,9,27,441499000000.0
4964,3109,6.8,6.8,6.8,6.8,2100,0.0,0.0,0,0,0,14280000.0,6.8,-1.2,0,Công ty Cổ phần Lilama 69-3,L63,UPCOM,2016-10-06,,0.0,,2022,9,28,577930000000.0
4963,3109,6.8,6.8,6.8,6.8,0,0.0,0.0,0,0,0,0.0,6.8,0.0,0,Công ty Cổ phần Lilama 69-3,L63,UPCOM,2016-10-06,,0.0,,2022,9,29,466009000000.0
4962,3109,6.8,6.8,6.8,6.8,0,0.0,0.0,0,0,0,0.0,6.8,0.0,0,Công ty Cổ phần Lilama 69-3,L63,UPCOM,2016-10-06,,0.0,,2022,9,30,610104000000.0
4961,3109,6.8,6.8,6.8,6.8,0,0.0,0.0,0,0,0,0.0,6.8,0.0,0,Công ty Cổ phần Lilama 69-3,L63,UPCOM,2016-10-06,,0.0,,2022,10,3,447331000000.0
4960,3109,5.8,5.8,5.8,5.8,401,0.0,0.0,0,0,0,2326500.0,5.8,-1.0,0,Công ty Cổ phần Lilama 69-3,L63,UPCOM,2016-10-06,,0.0,,2022,10,4,431223000000.0
4959,3109,5.0,5.0,5.0,5.0,1600,0.0,0.0,0,0,0,8000000.0,5.0,-0.8,0,Công ty Cổ phần Lilama 69-3,L63,UPCOM,2016-10-06,,0.0,,2022,10,5,377033000000.0
4958,3109,4.4,4.4,4.4,4.4,0,0.0,0.0,0,0,0,0.0,4.4,0.0,0,Công ty Cổ phần Lilama 69-3,L63,UPCOM,2016-10-06,,0.0,,2022,10,7,547415000000.0
4957,3109,5.0,5.0,5.0,5.0,3100,0.0,0.0,0,0,0,15500000.0,5.0,0.6,0,Công ty Cổ phần Lilama 69-3,L63,UPCOM,2016-10-06,,0.0,,2022,10,11,478937000000.0
4956,3109,5.6,5.7,5.7,5.6,600,0.0,0.0,0,0,0,3410000.0,5.7,0.7,0,Công ty Cổ phần Lilama 69-3,L63,UPCOM,2016-10-06,,0.0,,2022,10,12,366026000000.0
4955,3109,6.5,6.5,6.5,6.5,3000,0.0,0.0,0,0,0,19500000.0,6.5,0.8,0,Công ty Cổ phần Lilama 69-3,L63,UPCOM,2016-10-06,,0.0,,2022,10,13,303265000000.0
4954,3109,6.5,6.5,6.5,6.5,100,0.0,0.0,0,0,0,650000.0,6.5,0.0,0,Công ty Cổ phần Lilama 69-3,L63,UPCOM,2016-10-06,,0.0,,2022,10,14,472721000000.0
4953,3109,6.6,6.6,6.6,6.6,1500,0.0,0.0,0,0,0,9900000.0,6.6,0.1,0,Công ty Cổ phần Lilama 69-3,L63,UPCOM,2016-10-06,,0.0,,2022,10,17,328090000000.0
4952,3109,5.7,6.3,6.3,5.7,1000,0.0,0.0,0,0,0,5770000.0,6.3,-0.3,0,Công ty Cổ phần Lilama 69-3,L63,UPCOM,2016-10-06,,0.0,,2022,10,18,358022000000.0
4951,3109,7.2,7.2,7.2,7.2,100,0.0,0.0,0,0,0,720000.0,7.2,0.5,0,Công ty Cổ phần Lilama 69-3,L63,UPCOM,2016-10-06,,0.0,,2022,10,21,617466000000.0
4950,3109,6.2,6.2,6.2,6.2,4700,0.0,0.0,0,0,0,29140000.0,6.2,-1.0,0,Công ty Cổ phần Lilama 69-3,L63,UPCOM,2016-10-06,,0.0,,2022,10,24,464008000000.0
4949,3109,7.0,7.0,7.0,7.0,110,0.0,0.0,0,0,0,770000.0,7.0,0.8,0,Công ty Cổ phần Lilama 69-3,L63,UPCOM,2016-10-06,,0.0,,2022,10,25,460868000000.0
4948,3109,6.0,6.0,6.0,6.0,500,0.0,0.0,0,0,0,3000000.0,6.0,-1.0,0,Công ty Cổ phần Lilama 69-3,L63,UPCOM,2016-10-06,,0.0,,2022,10,26,262806000000.0
4947,3109,6.0,6.0,6.0,6.0,0,0.0,0.0,0,0,0,0.0,6.0,0.0,0,Công ty Cổ phần Lilama 69-3,L63,UPCOM,2016-10-06,,0.0,,2022,10,27,380720000000.0
4946,3109,5.9,5.9,5.9,5.9,100,0.0,0.0,0,0,0,590000.0,5.9,-0.1,0,Công ty Cổ phần Lilama 69-3,L63,UPCOM,2016-10-06,,0.0,,2022,10,28,342487000000.0
4945,3109,5.9,5.9,5.9,5.9,0,0.0,0.0,0,0,0,0.0,5.9,0.0,0,Công ty Cổ phần Lilama 69-3,L63,UPCOM,2016-10-06,,0.0,,2022,10,31,269374000000.0
4944,3109,6.5,6.5,6.5,6.5,100,0.0,0.0,0,0,0,650000.0,6.5,0.6,0,Công ty Cổ phần Lilama 69-3,L63,UPCOM,2016-10-06,,0.0,,2022,11,1,289976000000.0
4943,3109,5.6,5.6,5.6,5.6,200,0.0,0.0,0,0,0,1120000.0,5.6,-0.9,0,Công ty Cổ phần Lilama 69-3,L63,UPCOM,2016-10-06,,0.0,,2022,11,2,283351000000.0
4942,3109,6.4,6.4,6.4,6.4,1800,0.0,0.0,0,0,0,11520000.0,6.4,0.8,0,Công ty Cổ phần Lilama 69-3,L63,UPCOM,2016-10-06,,0.0,,2022,11,3,221246000000.0
4941,3109,6.4,6.4,6.4,6.4,0,0.0,0.0,0,0,0,0.0,6.4,0.0,0,Công ty Cổ phần Lilama 69-3,L63,UPCOM,2016-10-06,,0.0,,2022,11,4,398840000000.0
4940,3109,6.4,6.4,6.4,6.4,0,0.0,0.0,0,0,0,0.0,6.4,0.0,0,Công ty Cổ phần Lilama 69-3,L63,UPCOM,2016-10-06,,0.0,,2022,11,7,306418000000.0
4939,3109,6.9,6.9,6.9,6.9,100,0.0,0.0,0,0,0,690000.0,6.9,0.5,0,Công ty Cổ phần Lilama 69-3,L63,UPCOM,2016-10-06,,0.0,,2022,11,8,276948000000.0
4938,3109,6.9,6.9,6.9,6.9,0,0.0,0.0,0,0,0,0.0,6.9,0.0,0,Công ty Cổ phần Lilama 69-3,L63,UPCOM,2016-10-06,,0.0,,2022,11,9,213207000000.0
4937,3109,6.9,6.9,6.9,6.9,0,0.0,0.0,0,0,0,0.0,6.9,0.0,0,Công ty Cổ phần Lilama 69-3,L63,UPCOM,2016-10-06,,0.0,,2022,11,10,430216000000.0
4936,3109,6.5,6.5,6.5,6.5,500,0.0,0.0,0,0,0,3250000.0,6.5,-0.4,0,Công ty Cổ phần Lilama 69-3,L63,UPCOM,2016-10-06,,0.0,,2022,11,11,317313000000.0
4935,3109,6.5,6.5,6.5,6.5,0,0.0,0.0,0,0,0,0.0,6.5,0.0,0,Công ty Cổ phần Lilama 69-3,L63,UPCOM,2016-10-06,,0.0,,2022,11,14,381856000000.0
4934,3109,6.5,6.5,6.5,6.5,0,0.0,0.0,0,0,0,0.0,6.5,0.0,0,Công ty Cổ phần Lilama 69-3,L63,UPCOM,2016-10-06,,0.0,,2022,11,15,419047000000.0
session_id,stock_id,open_price,close_price,high_price,low_price,volume_detail,ceiling_price,floor_price,buy_volume,sell_volume,net_volume,matched_value,adjust_price,change_percent,outstanding_share,name,code,stock_space,join_date,leave_date,init_price,category,year,month,day_of_month,volume_session
5164,3109,8.1,8.3,9.3,8.1,8300,0.0,0.0,0,0,0,73590000.0,8.3,0.0,0,Công ty Cổ phần Lilama 69-3,L63,UPCOM,2016-10-06,,0.0,,2021,11,29,2335720000000.0
5163,3109,8.0,8.3,8.3,8.0,600,0.0,0.0,0,0,0,4830000.0,8.3,-0.6,0,Công ty Cổ phần Lilama 69-3,L63,UPCOM,2016-10-06,,0.0,,2021,11,30,2621160000000.0
5162,3109,7.2,7.5,9.2,6.9,58637,0.0,0.0,0,0,0,406276000.0,7.5,-0.6,0,Công ty Cổ phần Lilama 69-3,L63,UPCOM,2016-10-06,,0.0,,2021,12,1,2099650000000.0
5161,3109,7.9,7.9,7.9,7.7,48900,0.0,0.0,0,0,0,386260000.0,7.9,1.0,0,Công ty Cổ phần Lilama 69-3,L63,UPCOM,2016-10-06,,0.0,,2021,12,2,2027150000000.0
5160,3109,9.0,9.0,9.0,8.3,37800,0.0,0.0,0,0,0,334900000.0,9.0,1.1,0,Công ty Cổ phần Lilama 69-3,L63,UPCOM,2016-10-06,,0.0,,2021,12,3,2687170000000.0
5159,3109,10.0,9.3,10.0,9.1,16846,0.0,0.0,0,0,0,165673000.0,9.3,0.4,0,Công ty Cổ phần Lilama 69-3,L63,UPCOM,2016-10-06,,0.0,,2021,12,6,2096640000000.0
5158,3109,9.6,9.0,9.6,8.4,30138,0.0,0.0,0,0,0,255082000.0,9.0,-0.8,0,Công ty Cổ phần Lilama 69-3,L63,UPCOM,2016-10-06,,0.0,,2021,12,7,1660550000000.0
5157,3109,8.5,8.4,8.6,8.4,6200,0.0,0.0,0,0,0,52670000.0,8.4,-0.1,0,Công ty Cổ phần Lilama 69-3,L63,UPCOM,2016-10-06,,0.0,,2021,12,8,1351880000000.0
5156,3109,7.6,7.6,8.5,7.6,3400,0.0,0.0,0,0,0,26260000.0,7.6,-0.9,0,Công ty Cổ phần Lilama 69-3,L63,UPCOM,2016-10-06,,0.0,,2021,12,9,1428510000000.0
5155,3109,8.4,8.3,8.4,7.1,4500,0.0,0.0,0,0,0,35560000.0,8.3,0.6,0,Công ty Cổ phần Lilama 69-3,L63,UPCOM,2016-10-06,,0.0,,2021,12,10,2089700000000.0
5154,3109,7.9,8.1,8.3,7.2,3548,0.0,0.0,0,0,0,26915600.0,8.1,0.2,0,Công ty Cổ phần Lilama 69-3,L63,UPCOM,2016-10-06,,0.0,,2021,12,13,1758110000000.0
5153,3109,7.7,8.2,8.2,7.7,600,0.0,0.0,0,0,0,4840000.0,8.2,0.6,0,Công ty Cổ phần Lilama 69-3,L63,UPCOM,2016-10-06,,0.0,,2021,12,14,1859480000000.0
5152,3109,8.1,8.0,8.1,8.0,3000,0.0,0.0,0,0,0,24120000.0,8.0,-0.1,0,Công ty Cổ phần Lilama 69-3,L63,UPCOM,2016-10-06,,0.0,,2021,12,15,1616870000000.0
5151,3109,7.4,8.3,8.3,7.3,15400,0.0,0.0,0,0,0,113770000.0,8.3,0.3,0,Công ty Cổ phần Lilama 69-3,L63,UPCOM,2016-10-06,,0.0,,2021,12,16,1435900000000.0
5150,3109,8.5,8.1,8.5,7.3,37300,0.0,0.0,0,0,0,279710000.0,8.1,0.7,0,Công ty Cổ phần Lilama 69-3,L63,UPCOM,2016-10-06,,0.0,,2021,12,17,2565470000000.0
5149,3109,7.6,7.7,7.8,7.6,4300,0.0,0.0,0,0,0,33080000.0,7.7,0.2,0,Công ty Cổ phần Lilama 69-3,L63,UPCOM,2016-10-06,,0.0,,2021,12,20,1799090000000.0
5148,3109,7.7,7.7,8.3,7.6,3836,0.0,0.0,0,0,0,29607200.0,7.7,0.0,0,Công ty Cổ phần Lilama 69-3,L63,UPCOM,2016-10-06,,0.0,,2021,12,21,3224080000000.0
5147,3109,7.3,8.0,8.0,7.2,7300,0.0,0.0,0,0,0,53680000.0,8.0,0.3,0,Công ty Cổ phần Lilama 69-3,L63,UPCOM,2016-10-06,,0.0,,2021,12,22,1964880000000.0
5146,3109,7.5,8.2,8.2,7.5,2400,0.0,0.0,0,0,0,19000000.0,8.2,0.8,0,Công ty Cổ phần Lilama 69-3,L63,UPCOM,2016-10-06,,0.0,,2021,12,23,2657150000000.0
5145,3109,8.0,8.1,8.1,7.5,5000,0.0,0.0,0,0,0,38990000.0,8.1,0.2,0,Công ty Cổ phần Lilama 69-3,L63,UPCOM,2016-10-06,,0.0,,2021,12,24,1801920000000.0
5144,3109,7.6,7.9,8.0,7.6,5110,0.0,0.0,0,0,0,40241000.0,7.9,0.1,0,Công ty Cổ phần Lilama 69-3,L63,UPCOM,2016-10-06,,0.0,,2021,12,27,1789340000000.0
5143,3109,8.1,7.8,8.1,7.8,2800,0.0,0.0,0,0,0,22280000.0,7.8,-0.1,0,Công ty Cổ phần Lilama 69-3,L63,UPCOM,2016-10-06,,0.0,,2021,12,28,2221480000000.0
5142,3109,8.1,7.9,8.1,7.9,700,0.0,0.0,0,0,0,5600000.0,7.9,-0.1,0,Công ty Cổ phần Lilama 69-3,L63,UPCOM,2016-10-06,,0.0,,2021,12,29,1722340000000.0
5141,3109,7.8,7.8,7.9,7.8,1200,0.0,0.0,0,0,0,9390000.0,7.8,-0.2,0,Công ty Cổ phần Lilama 69-3,L63,UPCOM,2016-10-06,,0.0,,2021,12,30,1800760000000.0
5140,3109,7.9,7.8,7.9,7.3,1200,0.0,0.0,0,0,0,8870000.0,7.8,0.0,0,Công ty Cổ phần Lilama 69-3,L63,UPCOM,2016-10-06,,0.0,,2021,12,31,2064720000000.0
5139,3109,8.5,7.9,8.5,7.4,2200,0.0,0.0,0,0,0,17290000.0,7.9,0.5,0,Công ty Cổ phần Lilama 69-3,L63,UPCOM,2016-10-06,,0.0,,2022,1,4,2591980000000.0
5138,3109,7.8,7.8,7.8,6.9,19000,0.0,0.0,0,0,0,135500000.0,7.8,-0.1,0,Công ty Cổ phần Lilama 69-3,L63,UPCOM,2016-10-06,,0.0,,2022,1,5,2745240000000.0
5137,3109,8.1,7.6,8.1,7.3,14701,0.0,0.0,0,0,0,111838000.0,7.6,0.5,0,Công ty Cổ phần Lilama 69-3,L63,UPCOM,2016-10-06,,0.0,,2022,1,6,2616400000000.0
5136,3109,7.6,7.9,7.9,7.5,6900,0.0,0.0,0,0,0,51920000.0,7.9,0.3,0,Công ty Cổ phần Lilama 69-3,L63,UPCOM,2016-10-06,,0.0,,2022,1,7,2622950000000.0
5135,3109,7.8,8.4,8.5,7.5,27812,0.0,0.0,0,0,0,218386000.0,8.4,0.9,0,Công ty Cổ phần Lilama 69-3,L63,UPCOM,2016-10-06,,0.0,,2022,1,10,2978920000000.0
5134,3109,7.9,8.0,8.6,7.9,11000,0.0,0.0,0,0,0,89020000.0,8.0,0.1,0,Công ty Cổ phần Lilama 69-3,L63,UPCOM,2016-10-06,,0.0,,2022,1,11,2218830000000.0
5133,3109,8.0,7.9,8.0,7.9,1400,0.0,0.0,0,0,0,11120000.0,7.9,-0.2,0,Công ty Cổ phần Lilama 69-3,L63,UPCOM,2016-10-06,,0.0,,2022,1,12,2384090000000.0
5132,3109,7.1,7.8,7.8,7.0,3500,0.0,0.0,0,0,0,24940000.0,7.8,-0.1,0,Công ty Cổ phần Lilama 69-3,L63,UPCOM,2016-10-06,,0.0,,2022,1,13,1710530000000.0
5131,3109,7.1,7.7,7.7,6.4,1400,0.0,0.0,0,0,0,10230000.0,7.7,0.6,0,Công ty Cổ phần Lilama 69-3,L63,UPCOM,2016-10-06,,0.0,,2022,1,14,1648450000000.0
5130,3109,6.5,6.8,7.8,6.5,4700,0.0,0.0,0,0,0,33390000.0,6.8,-0.5,0,Công ty Cổ phần Lilama 69-3,L63,UPCOM,2016-10-06,,0.0,,2022,1,17,1928480000000.0
5129,3109,6.8,6.2,6.9,6.2,1400,0.0,0.0,0,0,0,9170000.0,6.2,-0.9,0,Công ty Cổ phần Lilama 69-3,L63,UPCOM,2016-10-06,,0.0,,2022,1,18,1460730000000.0
5128,3109,6.3,6.3,6.3,5.8,2800,0.0,0.0,0,0,0,17150000.0,6.3,-0.3,0,Công ty Cổ phần Lilama 69-3,L63,UPCOM,2016-10-06,,0.0,,2022,1,19,1036350000000.0
5127,3109,7.0,7.0,7.0,6.4,900,0.0,0.0,0,0,0,6120000.0,7.0,0.9,0,Công ty Cổ phần Lilama 69-3,L63,UPCOM,2016-10-06,,0.0,,2022,1,20,1016200000000.0
5126,3109,6.8,7.8,7.8,6.8,1100,0.0,0.0,0,0,0,7670000.0,7.8,1.0,0,Công ty Cổ phần Lilama 69-3,L63,UPCOM,2016-10-06,,0.0,,2022,1,21,1937140000000.0
5125,3109,6.6,6.5,6.6,6.5,701,0.0,0.0,0,0,0,4566000.0,6.5,-0.5,0,Công ty Cổ phần Lilama 69-3,L63,UPCOM,2016-10-06,,0.0,,2022,1,24,1159480000000.0
5124,3109,6.1,6.1,6.1,6.1,5300,0.0,0.0,0,0,0,32330000.0,6.1,-0.4,0,Công ty Cổ phần Lilama 69-3,L63,UPCOM,2016-10-06,,0.0,,2022,1,25,994465000000.0
5123,3109,6.0,6.1,6.1,6.0,3900,0.0,0.0,0,0,0,23630000.0,6.1,0.0,0,Công ty Cổ phần Lilama 69-3,L63,UPCOM,2016-10-06,,0.0,,2022,1,26,1088440000000.0
5122,3109,6.1,6.8,6.8,6.1,400,0.0,0.0,0,0,0,2640000.0,6.8,0.7,0,Công ty Cổ phần Lilama 69-3,L63,UPCOM,2016-10-06,,0.0,,2022,1,27,841588000000.0
5121,3109,6.5,7.0,7.0,6.5,400,0.0,0.0,0,0,0,2700000.0,7.0,0.4,0,Công ty Cổ phần Lilama 69-3,L63,UPCOM,2016-10-06,,0.0,,2022,1,28,1494350000000.0
5120,3109,6.1,6.6,6.7,6.0,2308,0.0,0.0,0,0,0,14656800.0,6.6,-0.2,0,Công ty Cổ phần Lilama 69-3,L63,UPCOM,2016-10-06,,0.0,,2022,2,7,1196900000000.0
5119,3109,6.6,6.5,7.0,6.5,5650,0.0,0.0,0,0,0,38545000.0,6.5,0.2,0,Công ty Cổ phần Lilama 69-3,L63,UPCOM,2016-10-06,,0.0,,2022,2,8,1092780000000.0
5118,3109,7.0,7.0,7.0,7.0,1200,0.0,0.0,0,0,0,8400000.0,7.0,0.2,0,Công ty Cổ phần Lilama 69-3,L63,UPCOM,2016-10-06,,0.0,,2022,2,9,1360710000000.0
5117,3109,7.0,7.3,7.3,6.4,1200,0.0,0.0,0,0,0,8250000.0,7.3,0.3,0,Công ty Cổ phần Lilama 69-3,L63,UPCOM,2016-10-06,,0.0,,2022,2,11,1383950000000.0
5116,3109,6.9,6.9,6.9,6.9,0,0.0,0.0,0,0,0,0.0,6.9,0.0,0,Công ty Cổ phần Lilama 69-3,L63,UPCOM,2016-10-06,,0.0,,2022,2,14,1614660000000.0
5115,3109,6.9,6.9,6.9,6.9,0,0.0,0.0,0,0,0,0.0,6.9,0.0,0,Công ty Cổ phần Lilama 69-3,L63,UPCOM,2016-10-06,,0.0,,2022,2,15,1072240000000.0
5114,3109,6.1,7.0,7.0,6.1,700,0.0,0.0,0,0,0,4750000.0,7.0,0.1,0,Công ty Cổ phần Lilama 69-3,L63,UPCOM,2016-10-06,,0.0,,2022,2,16,1320480000000.0
5113,3109,7.0,7.0,7.0,7.0,2000,0.0,0.0,0,0,0,14000000.0,7.0,0.2,0,Công ty Cổ phần Lilama 69-3,L63,UPCOM,2016-10-06,,0.0,,2022,2,17,1221580000000.0
5112,3109,7.0,7.0,7.0,7.0,100,0.0,0.0,0,0,0,700000.0,7.0,0.0,0,Công ty Cổ phần Lilama 69-3,L63,UPCOM,2016-10-06,,0.0,,2022,2,18,1473030000000.0
5111,3109,7.0,7.0,7.0,7.0,400,0.0,0.0,0,0,0,2800000.0,7.0,0.0,0,Công ty Cổ phần Lilama 69-3,L63,UPCOM,2016-10-06,,0.0,,2022,2,21,1650920000000.0
5110,3109,7.0,7.0,7.0,7.0,700,0.0,0.0,0,0,0,4900000.0,7.0,0.0,0,Công ty Cổ phần Lilama 69-3,L63,UPCOM,2016-10-06,,0.0,,2022,2,22,1668050000000.0
5109,3109,7.0,7.3,7.3,7.0,200,0.0,0.0,0,0,0,1430000.0,7.3,0.3,0,Công ty Cổ phần Lilama 69-3,L63,UPCOM,2016-10-06,,0.0,,2022,2,23,1993430000000.0
5108,3109,6.9,6.9,6.9,6.9,600,0.0,0.0,0,0,0,4140000.0,6.9,-0.3,0,Công ty Cổ phần Lilama 69-3,L63,UPCOM,2016-10-06,,0.0,,2022,2,24,2492190000000.0
5107,3109,6.8,7.0,7.0,6.8,2300,0.0,0.0,0,0,0,16030000.0,7.0,0.1,0,Công ty Cổ phần Lilama 69-3,L63,UPCOM,2016-10-06,,0.0,,2022,2,25,1860250000000.0
5106,3109,6.6,6.6,6.6,6.6,1200,0.0,0.0,0,0,0,7920000.0,6.6,-0.4,0,Công ty Cổ phần Lilama 69-3,L63,UPCOM,2016-10-06,,0.0,,2022,2,28,1566520000000.0
5105,3109,7.1,7.4,7.4,7.1,200,0.0,0.0,0,0,0,1450000.0,7.4,0.8,0,Công ty Cổ phần Lilama 69-3,L63,UPCOM,2016-10-06,,0.0,,2022,3,1,1504060000000.0
5104,3109,6.7,6.8,6.8,6.7,1200,0.0,0.0,0,0,0,8130000.0,6.8,-0.5,0,Công ty Cổ phần Lilama 69-3,L63,UPCOM,2016-10-06,,0.0,,2022,3,2,1671170000000.0
5103,3109,6.6,6.8,6.8,6.1,6400,0.0,0.0,0,0,0,40620000.0,6.8,0.0,0,Công ty Cổ phần Lilama 69-3,L63,UPCOM,2016-10-06,,0.0,,2022,3,3,2261830000000.0
5102,3109,6.4,6.8,6.8,6.4,200,0.0,0.0,0,0,0,1320000.0,6.8,0.5,0,Công ty Cổ phần Lilama 69-3,L63,UPCOM,2016-10-06,,0.0,,2022,3,4,1879980000000.0
5101,3109,6.5,6.7,6.7,6.5,8512,0.0,0.0,0,0,0,56079200.0,6.7,0.1,0,Công ty Cổ phần Lilama 69-3,L63,UPCOM,2016-10-06,,0.0,,2022,3,7,2685890000000.0
5100,3109,6.6,6.8,6.8,6.6,700,0.0,0.0,0,0,0,4730000.0,6.8,0.2,0,Công ty Cổ phần Lilama 69-3,L63,UPCOM,2016-10-06,,0.0,,2022,3,8,2435610000000.0
5099,3109,6.8,6.8,6.9,6.8,700,0.0,0.0,0,0,0,4780000.0,6.8,0.0,0,Công ty Cổ phần Lilama 69-3,L63,UPCOM,2016-10-06,,0.0,,2022,3,9,2262270000000.0
5098,3109,6.8,6.9,6.9,6.8,2200,0.0,0.0,0,0,0,15170000.0,6.9,0.1,0,Công ty Cổ phần Lilama 69-3,L63,UPCOM,2016-10-06,,0.0,,2022,3,10,2130480000000.0
5097,3109,6.9,7.0,7.0,6.9,700,0.0,0.0,0,0,0,4890000.0,7.0,0.1,0,Công ty Cổ phần Lilama 69-3,L63,UPCOM,2016-10-06,,0.0,,2022,3,11,2613190000000.0
5096,3109,6.3,6.8,7.0,6.3,2200,0.0,0.0,0,0,0,14960000.0,6.8,-0.2,0,Công ty Cổ phần Lilama 69-3,L63,UPCOM,2016-10-06,,0.0,,2022,3,14,2081110000000.0
5095,3109,6.9,6.9,6.9,6.8,2300,0.0,0.0,0,0,0,15860000.0,6.9,0.1,0,Công ty Cổ phần Lilama 69-3,L63,UPCOM,2016-10-06,,0.0,,2022,3,15,1528690000000.0
5094,3109,7.0,6.6,7.0,6.5,542,0.0,0.0,0,0,0,3633000.0,6.6,-0.3,0,Công ty Cổ phần Lilama 69-3,L63,UPCOM,2016-10-06,,0.0,,2022,3,17,1175500000000.0
5093,3109,6.8,6.9,6.9,6.6,1108,0.0,0.0,0,0,0,7482000.0,6.9,0.2,0,Công ty Cổ phần Lilama 69-3,L63,UPCOM,2016-10-06,,0.0,,2022,3,18,1378890000000.0
5092,3109,6.9,6.9,6.9,6.9,200,0.0,0.0,0,0,0,1380000.0,6.9,0.1,0,Công ty Cổ phần Lilama 69-3,L63,UPCOM,2016-10-06,,0.0,,2022,3,21,1490300000000.0
5091,3109,6.9,6.5,7.0,6.5,10300,0.0,0.0,0,0,0,69010000.0,6.5,-0.4,0,Công ty Cổ phần Lilama 69-3,L63,UPCOM,2016-10-06,,0.0,,2022,3,22,1372830000000.0
5090,3109,6.8,7.4,7.4,6.8,13000,0.0,0.0,0,0,0,92340000.0,7.4,0.7,0,Công ty Cổ phần Lilama 69-3,L63,UPCOM,2016-10-06,,0.0,,2022,3,23,1452020000000.0
5089,3109,7.1,7.1,7.1,7.1,300,0.0,0.0,0,0,0,2130000.0,7.1,0.0,0,Công ty Cổ phần Lilama 69-3,L63,UPCOM,2016-10-06,,0.0,,2022,3,24,1365180000000.0
5088,3109,7.0,7.0,7.1,7.0,1700,0.0,0.0,0,0,0,11930000.0,7.0,-0.1,0,Công ty Cổ phần Lilama 69-3,L63,UPCOM,2016-10-06,,0.0,,2022,3,25,1710830000000.0
5087,3109,6.9,6.7,6.9,6.7,3100,0.0,0.0,0,0,0,20800000.0,6.7,-0.3,0,Công ty Cổ phần Lilama 69-3,L63,UPCOM,2016-10-06,,0.0,,2022,3,28,1976490000000.0
5086,3109,6.7,6.7,6.7,6.7,500,0.0,0.0,0,0,0,3350000.0,6.7,0.0,0,Công ty Cổ phần Lilama 69-3,L63,UPCOM,2016-10-06,,0.0,,2022,3,29,1674370000000.0
5085,3109,6.7,6.7,7.0,6.7,5609,0.0,0.0,0,0,0,37759400.0,6.7,0.0,0,Công ty Cổ phần Lilama 69-3,L63,UPCOM,2016-10-06,,0.0,,2022,3,30,2052840000000.0
5084,3109,6.7,6.7,6.7,6.7,1000,0.0,0.0,0,0,0,6700000.0,6.7,0.0,0,Công ty Cổ phần Lilama 69-3,L63,UPCOM,2016-10-06,,0.0,,2022,3,31,1460730000000.0
5083,3109,6.7,6.7,6.7,6.7,0,0.0,0.0,0,0,0,0.0,6.7,0.0,0,Công ty Cổ phần Lilama 69-3,L63,UPCOM,2016-10-06,,0.0,,2022,4,1,1768900000000.0
5082,3109,6.6,6.8,6.8,6.6,2854,0.0,0.0,0,0,0,18913700.0,6.8,0.1,0,Công ty Cổ phần Lilama 69-3,L63,UPCOM,2016-10-06,,0.0,,2022,4,4,1807550000000.0
5081,3109,6.7,6.8,6.8,6.7,10301,0.0,0.0,0,0,0,69446800.0,6.8,0.2,0,Công ty Cổ phần Lilama 69-3,L63,UPCOM,2016-10-06,,0.0,,2022,4,5,1348370000000.0
5080,3109,6.7,6.7,6.7,6.7,0,0.0,0.0,0,0,0,0.0,6.7,0.0,0,Công ty Cổ phần Lilama 69-3,L63,UPCOM,2016-10-06,,0.0,,2022,4,6,1256760000000.0
5079,3109,6.7,6.7,6.7,6.7,4600,0.0,0.0,0,0,0,30820000.0,6.7,0.0,0,Công ty Cổ phần Lilama 69-3,L63,UPCOM,2016-10-06,,0.0,,2022,4,7,1255580000000.0
5078,3109,6.7,6.8,6.8,6.7,6000,0.0,0.0,0,0,0,40240000.0,6.8,0.1,0,Công ty Cổ phần Lilama 69-3,L63,UPCOM,2016-10-06,,0.0,,2022,4,8,1559900000000.0
5077,3109,6.7,6.8,6.8,6.7,2900,0.0,0.0,0,0,0,19630000.0,6.8,0.1,0,Công ty Cổ phần Lilama 69-3,L63,UPCOM,2016-10-06,,0.0,,2022,4,12,1311040000000.0
5074,3109,6.7,6.6,6.7,6.6,2100,0.0,0.0,0,0,0,13870000.0,6.6,0.6,0,Công ty Cổ phần Lilama 69-3,L63,UPCOM,2016-10-06,,0.0,,2022,4,20,1301980000000.0
5073,3109,6.1,6.1,6.1,6.1,1000,0.0,0.0,0,0,0,6100000.0,6.1,-1.0,0,Công ty Cổ phần Lilama 69-3,L63,UPCOM,2016-10-06,,0.0,,2022,4,22,1257190000000.0
5072,3109,6.6,6.6,6.6,6.6,5000,0.0,0.0,0,0,0,33000000.0,6.6,0.5,0,Công ty Cổ phần Lilama 69-3,L63,UPCOM,2016-10-06,,0.0,,2022,4,25,1076600000000.0
5071,3109,6.5,6.5,6.5,6.5,300,0.0,0.0,0,0,0,1950000.0,6.5,-0.1,0,Công ty Cổ phần Lilama 69-3,L63,UPCOM,2016-10-06,,0.0,,2022,4,26,919972000000.0
5070,3109,6.5,6.5,6.5,6.5,0,0.0,0.0,0,0,0,0.0,6.5,0.0,0,Công ty Cổ phần Lilama 69-3,L63,UPCOM,2016-10-06,,0.0,,2022,4,27,647647000000.0
5069,3109,6.5,6.5,6.5,6.5,0,0.0,0.0,0,0,0,0.0,6.5,0.0,0,Công ty Cổ phần Lilama 69-3,L63,UPCOM,2016-10-06,,0.0,,2022,4,28,670423000000.0
5068,3109,6.4,6.1,6.4,6.0,4600,0.0,0.0,0,0,0,28080000.0,6.1,-0.4,0,Công ty Cổ phần Lilama 69-3,L63,UPCOM,2016-10-06,,0.0,,2022,4,29,861218000000.0
5067,3109,6.1,6.6,6.6,6.1,3000,0.0,0.0,0,0,0,19600000.0,6.6,0.5,0,Công ty Cổ phần Lilama 69-3,L63,UPCOM,2016-10-06,,0.0,,2022,5,4,691572000000.0
5066,3109,7.0,7.0,7.0,7.0,200,0.0,0.0,0,0,0,1400000.0,7.0,0.5,0,Công ty Cổ phần Lilama 69-3,L63,UPCOM,2016-10-06,,0.0,,2022,5,5,721747000000.0
5065,3109,7.0,7.0,7.0,7.0,0,0.0,0.0,0,0,0,0.0,7.0,0.0,0,Công ty Cổ phần Lilama 69-3,L63,UPCOM,2016-10-06,,0.0,,2022,5,6,702918000000.0
5064,3109,6.1,6.0,6.1,6.0,8800,0.0,0.0,0,0,0,53080000.0,6.0,-1.0,0,Công ty Cổ phần Lilama 69-3,L63,UPCOM,2016-10-06,,0.0,,2022,5,9,885391000000.0
5063,3109,6.0,6.0,6.0,6.0,0,0.0,0.0,0,0,0,0.0,6.0,0.0,0,Công ty Cổ phần Lilama 69-3,L63,UPCOM,2016-10-06,,0.0,,2022,5,10,616160000000.0
5062,3109,6.5,6.5,6.5,6.5,100,0.0,0.0,0,0,0,650000.0,6.5,0.5,0,Công ty Cổ phần Lilama 69-3,L63,UPCOM,2016-10-06,,0.0,,2022,5,11,399656000000.0
5061,3109,6.5,6.5,6.5,6.5,0,0.0,0.0,0,0,0,0.0,6.5,0.0,0,Công ty Cổ phần Lilama 69-3,L63,UPCOM,2016-10-06,,0.0,,2022,5,12,555585000000.0
5060,3109,6.4,6.4,6.4,6.4,100,0.0,0.0,0,0,0,640000.0,6.4,-0.1,0,Công ty Cổ phần Lilama 69-3,L63,UPCOM,2016-10-06,,0.0,,2022,5,13,850674000000.0
5059,3109,6.4,6.4,6.4,6.4,0,0.0,0.0,0,0,0,0.0,6.4,0.0,0,Công ty Cổ phần Lilama 69-3,L63,UPCOM,2016-10-06,,0.0,,2022,5,16,481494000000.0
5058,3109,6.3,6.3,6.3,6.3,1000,0.0,0.0,0,0,0,6300000.0,6.3,-0.1,0,Công ty Cổ phần Lilama 69-3,L63,UPCOM,2016-10-06,,0.0,,2022,5,17,736272000000.0
5057,3109,6.3,6.3,6.3,6.3,76300,0.0,0.0,0,0,0,480690000.0,6.3,0.0,0,Công ty Cổ phần Lilama 69-3,L63,UPCOM,2016-10-06,,0.0,,2022,5,18,579303000000.0
5056,3109,6.3,6.3,6.3,6.3,200,0.0,0.0,0,0,0,1260000.0,6.3,0.0,0,Công ty Cổ phần Lilama 69-3,L63,UPCOM,2016-10-06,,0.0,,2022,5,19,653400000000.0
5055,3109,6.3,6.3,6.3,6.3,0,0.0,0.0,0,0,0,0.0,6.3,0.0,0,Công ty Cổ phần Lilama 69-3,L63,UPCOM,2016-10-06,,0.0,,2022,5,20,735041000000.0
5054,3109,7.1,7.1,7.1,7.1,100,0.0,0.0,0,0,0,710000.0,7.1,0.8,0,Công ty Cổ phần Lilama 69-3,L63,UPCOM,2016-10-06,,0.0,,2022,5,23,678632000000.0
5053,3109,7.1,7.1,7.1,7.1,0,0.0,0.0,0,0,0,0.0,7.1,0.0,0,Công ty Cổ phần Lilama 69-3,L63,UPCOM,2016-10-06,,0.0,,2022,5,24,718981000000.0
5052,3109,7.1,7.1,7.1,7.1,0,0.0,0.0,0,0,0,0.0,7.1,0.0,0,Công ty Cổ phần Lilama 69-3,L63,UPCOM,2016-10-06,,0.0,,2022,5,25,879084000000.0
5051,3109,7.1,7.1,7.1,7.1,40000,0.0,0.0,0,0,0,284000000.0,7.1,0.0,0,Công ty Cổ phần Lilama 69-3,L63,UPCOM,2016-10-06,,0.0,,2022,5,26,831747000000.0
5050,3109,7.1,7.1,7.1,7.1,0,0.0,0.0,0,0,0,0.0,7.1,0.0,0,Công ty Cổ phần Lilama 69-3,L63,UPCOM,2016-10-06,,0.0,,2022,5,27,769811000000.0
session_id,stock_id,open_price,close_price,high_price,low_price,volume_detail,ceiling_price,floor_price,buy_volume,sell_volume,net_volume,matched_value,adjust_price,change_percent,outstanding_share,name,code,stock_space,join_date,leave_date,init_price,category,year,month,day_of_month,volume_session
5275,3109,6.8,6.8,6.8,6.8,500,0.0,0.0,0,0,0,3400000.0,6.8,-0.2,0,Công ty Cổ phần Lilama 69-3,L63,UPCOM,2016-10-06,,0.0,,2021,6,23,1681840000000.0
5274,3109,7.0,6.9,7.0,6.05,3013,0.0,0.0,0,0,0,20789700.0,6.9,0.1,0,Công ty Cổ phần Lilama 69-3,L63,UPCOM,2016-10-06,,0.0,,2021,6,24,942804000000.0
5273,3109,6.8,6.8,6.8,6.8,3000,0.0,0.0,0,0,0,20400000.0,6.8,-0.1,0,Công ty Cổ phần Lilama 69-3,L63,UPCOM,2016-10-06,,0.0,,2021,6,25,1258550000000.0
5272,3109,6.8,6.8,6.8,6.8,1000,0.0,0.0,0,0,0,6800000.0,6.8,0.0,0,Công ty Cổ phần Lilama 69-3,L63,UPCOM,2016-10-06,,0.0,,2021,6,28,1310920000000.0
5271,3109,6.8,6.8,6.8,6.8,2500,0.0,0.0,0,0,0,17000000.0,6.8,0.0,0,Công ty Cổ phần Lilama 69-3,L63,UPCOM,2016-10-06,,0.0,,2021,6,29,1361700000000.0
5270,3109,6.8,6.8,6.8,6.8,1300,0.0,0.0,0,0,0,8840000.0,6.8,0.0,0,Công ty Cổ phần Lilama 69-3,L63,UPCOM,2016-10-06,,0.0,,2021,6,30,1014700000000.0
5269,3109,6.8,6.8,6.8,6.8,500,0.0,0.0,0,0,0,3400000.0,6.8,0.0,0,Công ty Cổ phần Lilama 69-3,L63,UPCOM,2016-10-06,,0.0,,2021,7,1,1638780000000.0
5268,3109,6.8,6.8,6.8,6.8,1093,0.0,0.0,0,0,0,7418400.0,6.8,0.0,0,Công ty Cổ phần Lilama 69-3,L63,UPCOM,2016-10-06,,0.0,,2021,7,2,1485860000000.0
5267,3109,6.8,6.8,6.8,6.8,100,0.0,0.0,0,0,0,680000.0,6.8,0.0,0,Công ty Cổ phần Lilama 69-3,L63,UPCOM,2016-10-06,,0.0,,2021,7,5,1589300000000.0
5266,3109,6.8,6.8,6.8,6.8,5000,0.0,0.0,0,0,0,34000000.0,6.8,0.0,0,Công ty Cổ phần Lilama 69-3,L63,UPCOM,2016-10-06,,0.0,,2021,7,6,1656880000000.0
5265,3109,6.8,6.8,6.8,6.8,1000,0.0,0.0,0,0,0,6800000.0,6.8,0.0,0,Công ty Cổ phần Lilama 69-3,L63,UPCOM,2016-10-06,,0.0,,2021,7,7,1344690000000.0
5264,3109,6.8,6.8,6.8,6.8,0,0.0,0.0,0,0,0,0.0,6.8,0.0,0,Công ty Cổ phần Lilama 69-3,L63,UPCOM,2016-10-06,,0.0,,2021,7,8,876929000000.0
5263,3109,6.8,6.8,6.8,6.8,0,0.0,0.0,0,0,0,0.0,6.8,0.0,0,Công ty Cổ phần Lilama 69-3,L63,UPCOM,2016-10-06,,0.0,,2021,7,9,1498860000000.0
5262,3109,6.8,6.8,6.8,6.8,2000,0.0,0.0,0,0,0,13600000.0,6.8,0.0,0,Công ty Cổ phần Lilama 69-3,L63,UPCOM,2016-10-06,,0.0,,2021,7,12,1445900000000.0
5261,3109,6.8,6.8,6.8,6.8,1000,0.0,0.0,0,0,0,6800000.0,6.8,0.0,0,Công ty Cổ phần Lilama 69-3,L63,UPCOM,2016-10-06,,0.0,,2021,7,13,790911000000.0
5260,3109,5.8,6.8,6.8,5.8,1632,0.0,0.0,0,0,0,10997600.0,6.8,0.0,0,Công ty Cổ phần Lilama 69-3,L63,UPCOM,2016-10-06,,0.0,,2021,7,14,731056000000.0
5259,3109,6.7,6.7,6.7,6.7,0,0.0,0.0,0,0,0,0.0,6.7,0.0,0,Công ty Cổ phần Lilama 69-3,L63,UPCOM,2016-10-06,,0.0,,2021,7,15,648347000000.0
5258,3109,6.7,6.7,6.7,6.7,0,0.0,0.0,0,0,0,0.0,6.7,0.0,0,Công ty Cổ phần Lilama 69-3,L63,UPCOM,2016-10-06,,0.0,,2021,7,16,924141000000.0
5257,3109,6.7,6.7,6.7,6.7,0,0.0,0.0,0,0,0,0.0,6.7,0.0,0,Công ty Cổ phần Lilama 69-3,L63,UPCOM,2016-10-06,,0.0,,2021,7,19,1030590000000.0
5256,3109,6.8,6.8,6.8,6.8,1000,0.0,0.0,0,0,0,6800000.0,6.8,0.1,0,Công ty Cổ phần Lilama 69-3,L63,UPCOM,2016-10-06,,0.0,,2021,7,20,773414000000.0
5255,3109,6.8,6.8,6.8,6.8,0,0.0,0.0,0,0,0,0.0,6.8,0.0,0,Công ty Cổ phần Lilama 69-3,L63,UPCOM,2016-10-06,,0.0,,2021,7,21,669508000000.0
5254,3109,6.8,6.8,6.8,6.8,2000,0.0,0.0,0,0,0,13600000.0,6.8,0.0,0,Công ty Cổ phần Lilama 69-3,L63,UPCOM,2016-10-06,,0.0,,2021,7,22,839736000000.0
5253,3109,6.8,6.8,6.8,6.8,3000,0.0,0.0,0,0,0,20400000.0,6.8,0.0,0,Công ty Cổ phần Lilama 69-3,L63,UPCOM,2016-10-06,,0.0,,2021,7,23,850556000000.0
5252,3109,6.8,6.8,6.8,6.8,3000,0.0,0.0,0,0,0,20400000.0,6.8,0.0,0,Công ty Cổ phần Lilama 69-3,L63,UPCOM,2016-10-06,,0.0,,2021,7,26,713865000000.0
5251,3109,6.8,6.8,6.8,6.8,1000,0.0,0.0,0,0,0,6800000.0,6.8,0.0,0,Công ty Cổ phần Lilama 69-3,L63,UPCOM,2016-10-06,,0.0,,2021,7,27,1158010000000.0
5250,3109,6.2,6.2,6.2,6.2,192,0.0,0.0,0,0,0,1181200.0,6.2,-0.6,0,Công ty Cổ phần Lilama 69-3,L63,UPCOM,2016-10-06,,0.0,,2021,7,28,704441000000.0
5249,3109,6.2,6.2,6.2,6.2,0,0.0,0.0,0,0,0,0.0,6.2,0.0,0,Công ty Cổ phần Lilama 69-3,L63,UPCOM,2016-10-06,,0.0,,2021,7,29,841617000000.0
5247,3109,6.8,6.8,6.8,6.8,0,0.0,0.0,0,0,0,0.0,6.8,0.0,0,Công ty Cổ phần Lilama 69-3,L63,UPCOM,2016-10-06,,0.0,,2021,8,2,1238680000000.0
5246,3109,6.4,6.4,6.4,6.4,100,0.0,0.0,0,0,0,640000.0,6.4,-0.4,0,Công ty Cổ phần Lilama 69-3,L63,UPCOM,2016-10-06,,0.0,,2021,8,3,1423670000000.0
5245,3109,7.3,7.3,7.3,7.3,308,0.0,0.0,0,0,0,2248400.0,7.3,0.9,0,Công ty Cổ phần Lilama 69-3,L63,UPCOM,2016-10-06,,0.0,,2021,8,4,1127090000000.0
5244,3109,6.4,6.4,6.4,6.4,100,0.0,0.0,0,0,0,640000.0,6.4,-0.9,0,Công ty Cổ phần Lilama 69-3,L63,UPCOM,2016-10-06,,0.0,,2021,8,5,1009970000000.0
5243,3109,0.0,6.4,0.0,0.0,1,0.0,0.0,0,0,0,6400.0,6.4,0.0,0,Công ty Cổ phần Lilama 69-3,L63,UPCOM,2016-10-06,,0.0,,2021,8,6,1445580000000.0
5242,3109,6.4,6.4,6.4,6.4,0,0.0,0.0,0,0,0,0.0,6.4,0.0,0,Công ty Cổ phần Lilama 69-3,L63,UPCOM,2016-10-06,,0.0,,2021,8,9,1463200000000.0
5241,3109,7.2,7.2,7.2,7.2,100,0.0,0.0,0,0,0,720000.0,7.2,0.8,0,Công ty Cổ phần Lilama 69-3,L63,UPCOM,2016-10-06,,0.0,,2021,8,10,1837090000000.0
5240,3109,7.2,7.2,7.2,7.2,0,0.0,0.0,0,0,0,0.0,7.2,0.0,0,Công ty Cổ phần Lilama 69-3,L63,UPCOM,2016-10-06,,0.0,,2021,8,11,1705100000000.0
5239,3109,6.8,6.8,6.8,6.8,37000,0.0,0.0,0,0,0,251600000.0,6.8,-0.4,0,Công ty Cổ phần Lilama 69-3,L63,UPCOM,2016-10-06,,0.0,,2021,8,12,1711420000000.0
5238,3109,6.8,6.8,6.8,6.8,0,0.0,0.0,0,0,0,0.0,6.8,0.0,0,Công ty Cổ phần Lilama 69-3,L63,UPCOM,2016-10-06,,0.0,,2021,8,13,2174510000000.0
5237,3109,6.0,6.9,6.9,6.0,500,0.0,0.0,0,0,0,3270000.0,6.9,0.1,0,Công ty Cổ phần Lilama 69-3,L63,UPCOM,2016-10-06,,0.0,,2021,8,16,1921240000000.0
5236,3109,6.5,6.5,6.5,6.5,0,0.0,0.0,0,0,0,0.0,6.5,0.0,0,Công ty Cổ phần Lilama 69-3,L63,UPCOM,2016-10-06,,0.0,,2021,8,17,1643410000000.0
5235,3109,6.8,6.8,6.8,6.8,100,0.0,0.0,0,0,0,680000.0,6.8,0.3,0,Công ty Cổ phần Lilama 69-3,L63,UPCOM,2016-10-06,,0.0,,2021,8,18,1481290000000.0
5234,3109,6.8,6.8,6.8,6.8,0,0.0,0.0,0,0,0,0.0,6.8,0.0,0,Công ty Cổ phần Lilama 69-3,L63,UPCOM,2016-10-06,,0.0,,2021,8,19,2140240000000.0
5233,3109,7.7,7.7,7.7,7.7,100,0.0,0.0,0,0,0,770000.0,7.7,0.9,0,Công ty Cổ phần Lilama 69-3,L63,UPCOM,2016-10-06,,0.0,,2021,8,20,3118780000000.0
5232,3109,7.7,7.7,7.7,7.7,0,0.0,0.0,0,0,0,0.0,7.7,0.0,0,Công ty Cổ phần Lilama 69-3,L63,UPCOM,2016-10-06,,0.0,,2021,8,23,1865410000000.0
5231,3109,7.7,7.7,7.7,7.7,0,0.0,0.0,0,0,0,0.0,7.7,0.0,0,Công ty Cổ phần Lilama 69-3,L63,UPCOM,2016-10-06,,0.0,,2021,8,24,1697520000000.0
5230,3109,7.7,7.7,7.7,7.7,0,0.0,0.0,0,0,0,0.0,7.7,0.0,0,Công ty Cổ phần Lilama 69-3,L63,UPCOM,2016-10-06,,0.0,,2021,8,25,1092190000000.0
5229,3109,7.1,7.1,7.1,7.1,100,0.0,0.0,0,0,0,710000.0,7.1,-0.6,0,Công ty Cổ phần Lilama 69-3,L63,UPCOM,2016-10-06,,0.0,,2021,8,26,1236590000000.0
5228,3109,7.1,7.1,7.1,7.1,0,0.0,0.0,0,0,0,0.0,7.1,0.0,0,Công ty Cổ phần Lilama 69-3,L63,UPCOM,2016-10-06,,0.0,,2021,8,27,1679680000000.0
5227,3109,6.3,6.3,6.3,6.3,100,0.0,0.0,0,0,0,630000.0,6.3,-0.8,0,Công ty Cổ phần Lilama 69-3,L63,UPCOM,2016-10-06,,0.0,,2021,8,30,1769270000000.0
5226,3109,7.1,7.1,7.1,7.1,100,0.0,0.0,0,0,0,710000.0,7.1,0.8,0,Công ty Cổ phần Lilama 69-3,L63,UPCOM,2016-10-06,,0.0,,2021,8,31,2031440000000.0
5225,3109,7.1,7.1,7.1,7.1,0,0.0,0.0,0,0,0,0.0,7.1,0.0,0,Công ty Cổ phần Lilama 69-3,L63,UPCOM,2016-10-06,,0.0,,2021,9,1,1900940000000.0
5224,3109,7.1,7.1,7.1,7.1,0,0.0,0.0,0,0,0,0.0,7.1,0.0,0,Công ty Cổ phần Lilama 69-3,L63,UPCOM,2016-10-06,,0.0,,2021,9,6,2419560000000.0
5223,3109,7.2,7.2,7.2,7.2,100,0.0,0.0,0,0,0,720000.0,7.2,0.1,0,Công ty Cổ phần Lilama 69-3,L63,UPCOM,2016-10-06,,0.0,,2021,9,7,2238360000000.0
5222,3109,7.2,7.2,7.2,7.2,0,0.0,0.0,0,0,0,0.0,7.2,0.0,0,Công ty Cổ phần Lilama 69-3,L63,UPCOM,2016-10-06,,0.0,,2021,9,8,1455590000000.0
5221,3109,7.2,7.2,7.2,7.2,0,0.0,0.0,0,0,0,0.0,7.2,0.0,0,Công ty Cổ phần Lilama 69-3,L63,UPCOM,2016-10-06,,0.0,,2021,9,9,1448490000000.0
5220,3109,6.3,6.3,6.3,6.3,100,0.0,0.0,0,0,0,630000.0,6.3,-0.9,0,Công ty Cổ phần Lilama 69-3,L63,UPCOM,2016-10-06,,0.0,,2021,9,10,2039640000000.0
5219,3109,6.3,6.3,6.3,6.3,0,0.0,0.0,0,0,0,0.0,6.3,0.0,0,Công ty Cổ phần Lilama 69-3,L63,UPCOM,2016-10-06,,0.0,,2021,9,13,2156510000000.0
5218,3109,6.3,6.3,6.3,6.3,0,0.0,0.0,0,0,0,0.0,6.3,0.0,0,Công ty Cổ phần Lilama 69-3,L63,UPCOM,2016-10-06,,0.0,,2021,9,14,1719650000000.0
5217,3109,6.3,6.3,6.3,6.3,0,0.0,0.0,0,0,0,0.0,6.3,0.0,0,Công ty Cổ phần Lilama 69-3,L63,UPCOM,2016-10-06,,0.0,,2021,9,15,2394430000000.0
5216,3109,6.3,6.3,6.3,6.3,0,0.0,0.0,0,0,0,0.0,6.3,0.0,0,Công ty Cổ phần Lilama 69-3,L63,UPCOM,2016-10-06,,0.0,,2021,9,16,1952740000000.0
5215,3109,6.3,6.3,6.3,6.3,0,0.0,0.0,0,0,0,0.0,6.3,0.0,0,Công ty Cổ phần Lilama 69-3,L63,UPCOM,2016-10-06,,0.0,,2021,9,17,2345330000000.0
5214,3109,7.2,7.2,7.2,7.2,100,0.0,0.0,0,0,0,720000.0,7.2,0.9,0,Công ty Cổ phần Lilama 69-3,L63,UPCOM,2016-10-06,,0.0,,2021,9,20,2652470000000.0
5213,3109,6.8,6.8,6.8,6.8,100,0.0,0.0,0,0,0,680000.0,6.8,-0.4,0,Công ty Cổ phần Lilama 69-3,L63,UPCOM,2016-10-06,,0.0,,2021,9,21,2055820000000.0
5212,3109,6.8,6.8,6.8,6.8,0,0.0,0.0,0,0,0,0.0,6.8,0.0,0,Công ty Cổ phần Lilama 69-3,L63,UPCOM,2016-10-06,,0.0,,2021,9,22,2019560000000.0
5211,3109,6.8,7.8,7.8,6.7,10600,0.0,0.0,0,0,0,81740000.0,7.8,1.0,0,Công ty Cổ phần Lilama 69-3,L63,UPCOM,2016-10-06,,0.0,,2021,9,23,2397020000000.0
5210,3109,7.7,7.7,7.7,7.7,0,0.0,0.0,0,0,0,0.0,7.7,0.0,0,Công ty Cổ phần Lilama 69-3,L63,UPCOM,2016-10-06,,0.0,,2021,9,24,1994080000000.0
5209,3109,7.7,7.7,7.7,7.7,0,0.0,0.0,0,0,0,0.0,7.7,0.0,0,Công ty Cổ phần Lilama 69-3,L63,UPCOM,2016-10-06,,0.0,,2021,9,27,1963300000000.0
5208,3109,6.6,6.6,6.6,6.6,100,0.0,0.0,0,0,0,660000.0,6.6,-1.1,0,Công ty Cổ phần Lilama 69-3,L63,UPCOM,2016-10-06,,0.0,,2021,9,28,1862360000000.0
5207,3109,5.8,5.8,5.8,5.8,100,0.0,0.0,0,0,0,580000.0,5.8,-0.8,0,Công ty Cổ phần Lilama 69-3,L63,UPCOM,2016-10-06,,0.0,,2021,9,29,1168410000000.0
5206,3109,5.9,6.6,6.6,5.9,400,0.0,0.0,0,0,0,2520000.0,6.6,0.8,0,Công ty Cổ phần Lilama 69-3,L63,UPCOM,2016-10-06,,0.0,,2021,9,30,1241340000000.0
5205,3109,7.2,7.2,7.2,7.2,400,0.0,0.0,0,0,0,2880000.0,7.2,0.9,0,Công ty Cổ phần Lilama 69-3,L63,UPCOM,2016-10-06,,0.0,,2021,10,1,1867540000000.0
5204,3109,7.2,7.2,7.2,7.2,100,0.0,0.0,0,0,0,720000.0,7.2,0.0,0,Công ty Cổ phần Lilama 69-3,L63,UPCOM,2016-10-06,,0.0,,2021,10,4,2284450000000.0
5203,3109,7.2,7.2,7.2,7.2,0,0.0,0.0,0,0,0,0.0,7.2,0.0,0,Công ty Cổ phần Lilama 69-3,L63,UPCOM,2016-10-06,,0.0,,2021,10,5,1716740000000.0
5202,3109,6.3,6.3,6.3,6.3,300,0.0,0.0,0,0,0,1890000.0,6.3,-0.9,0,Công ty Cổ phần Lilama 69-3,L63,UPCOM,2016-10-06,,0.0,,2021,10,6,1798060000000.0
5201,3109,6.3,5.8,6.4,5.8,4800,0.0,0.0,0,0,0,30130000.0,5.8,-0.5,0,Công ty Cổ phần Lilama 69-3,L63,UPCOM,2016-10-06,,0.0,,2021,10,7,2072050000000.0
5200,3109,6.3,6.3,6.3,6.3,300,0.0,0.0,0,0,0,1890000.0,6.3,0.0,0,Công ty Cổ phần Lilama 69-3,L63,UPCOM,2016-10-06,,0.0,,2021,10,8,1848870000000.0
5199,3109,6.2,6.2,6.2,6.2,300,0.0,0.0,0,0,0,1860000.0,6.2,-0.1,0,Công ty Cổ phần Lilama 69-3,L63,UPCOM,2016-10-06,,0.0,,2021,10,11,1787460000000.0
5198,3109,6.2,6.2,6.2,6.2,1700,0.0,0.0,0,0,0,10540000.0,6.2,0.0,0,Công ty Cổ phần Lilama 69-3,L63,UPCOM,2016-10-06,,0.0,,2021,10,12,2127340000000.0
5197,3109,6.1,6.1,6.1,6.1,3300,0.0,0.0,0,0,0,20130000.0,6.1,-0.1,0,Công ty Cổ phần Lilama 69-3,L63,UPCOM,2016-10-06,,0.0,,2021,10,13,1635990000000.0
5196,3109,6.1,6.1,6.1,6.1,0,0.0,0.0,0,0,0,0.0,6.1,0.0,0,Công ty Cổ phần Lilama 69-3,L63,UPCOM,2016-10-06,,0.0,,2021,10,14,1709310000000.0
5195,3109,6.5,6.5,6.5,6.5,100,0.0,0.0,0,0,0,650000.0,6.5,0.4,0,Công ty Cổ phần Lilama 69-3,L63,UPCOM,2016-10-06,,0.0,,2021,10,15,2089710000000.0
5194,3109,6.5,6.5,6.5,6.5,0,0.0,0.0,0,0,0,0.0,6.5,0.0,0,Công ty Cổ phần Lilama 69-3,L63,UPCOM,2016-10-06,,0.0,,2021,10,18,2323300000000.0
5193,3109,6.5,6.5,6.5,6.5,0,0.0,0.0,0,0,0,0.0,6.5,0.0,0,Công ty Cổ phần Lilama 69-3,L63,UPCOM,2016-10-06,,0.0,,2021,10,19,1653700000000.0
5192,3109,6.9,6.9,6.9,6.9,100,0.0,0.0,0,0,0,690000.0,6.9,0.4,0,Công ty Cổ phần Lilama 69-3,L63,UPCOM,2016-10-06,,0.0,,2021,10,20,1868460000000.0
5191,3109,6.9,6.9,6.9,6.9,0,0.0,0.0,0,0,0,0.0,6.9,0.0,0,Công ty Cổ phần Lilama 69-3,L63,UPCOM,2016-10-06,,0.0,,2021,10,21,1651770000000.0
5190,3109,6.9,6.9,6.9,6.9,0,0.0,0.0,0,0,0,0.0,6.9,0.0,0,Công ty Cổ phần Lilama 69-3,L63,UPCOM,2016-10-06,,0.0,,2021,10,22,2366590000000.0
5189,3109,6.9,6.9,6.9,6.9,0,0.0,0.0,0,0,0,0.0,6.9,0.0,0,Công ty Cổ phần Lilama 69-3,L63,UPCOM,2016-10-06,,0.0,,2021,10,25,2016850000000.0
5188,3109,6.2,6.2,6.2,6.2,400,0.0,0.0,0,0,0,2480000.0,6.2,-0.7,0,Công ty Cổ phần Lilama 69-3,L63,UPCOM,2016-10-06,,0.0,,2021,10,26,1649830000000.0
5187,3109,6.5,6.3,6.5,6.3,300,0.0,0.0,0,0,0,1930000.0,6.3,0.1,0,Công ty Cổ phần Lilama 69-3,L63,UPCOM,2016-10-06,,0.0,,2021,10,27,2247050000000.0
5186,3109,6.4,6.4,6.4,6.4,0,0.0,0.0,0,0,0,0.0,6.4,0.0,0,Công ty Cổ phần Lilama 69-3,L63,UPCOM,2016-10-06,,0.0,,2021,10,28,2531370000000.0
5185,3109,6.4,6.9,6.9,6.4,1400,0.0,0.0,0,0,0,9320000.0,6.9,0.5,0,Công ty Cổ phần Lilama 69-3,L63,UPCOM,2016-10-06,,0.0,,2021,10,29,2431070000000.0
5184,3109,6.7,6.7,6.7,6.7,0,0.0,0.0,0,0,0,0.0,6.7,0.0,0,Công ty Cổ phần Lilama 69-3,L63,UPCOM,2016-10-06,,0.0,,2021,11,1,2763340000000.0
5183,3109,6.6,6.2,6.6,6.2,200,0.0,0.0,0,0,0,1280000.0,6.2,-0.5,0,Công ty Cổ phần Lilama 69-3,L63,UPCOM,2016-10-06,,0.0,,2021,11,2,2683490000000.0
5182,3109,6.5,6.5,6.5,6.5,100,0.0,0.0,0,0,0,650000.0,6.5,0.1,0,Công ty Cổ phần Lilama 69-3,L63,UPCOM,2016-10-06,,0.0,,2021,11,3,3511450000000.0
5181,3109,6.5,6.5,6.5,6.5,0,0.0,0.0,0,0,0,0.0,6.5,0.0,0,Công ty Cổ phần Lilama 69-3,L63,UPCOM,2016-10-06,,0.0,,2021,11,4,2188210000000.0
5180,3109,6.5,6.5,6.5,6.5,400,0.0,0.0,0,0,0,2600000.0,6.5,0.0,0,Công ty Cổ phần Lilama 69-3,L63,UPCOM,2016-10-06,,0.0,,2021,11,5,2332510000000.0
5179,3109,6.6,6.6,6.6,6.6,100,0.0,0.0,0,0,0,660000.0,6.6,0.1,0,Công ty Cổ phần Lilama 69-3,L63,UPCOM,2016-10-06,,0.0,,2021,11,8,2768120000000.0
5178,3109,6.6,6.6,6.6,6.6,500,0.0,0.0,0,0,0,3300000.0,6.6,0.0,0,Công ty Cổ phần Lilama 69-3,L63,UPCOM,2016-10-06,,0.0,,2021,11,9,2858680000000.0
5177,3109,7.3,7.1,7.3,7.0,600,0.0,0.0,0,0,0,4330000.0,7.1,0.5,0,Công ty Cổ phần Lilama 69-3,L63,UPCOM,2016-10-06,,0.0,,2021,11,10,2559650000000.0
5176,3109,7.2,7.2,7.2,7.2,1800,0.0,0.0,0,0,0,12960000.0,7.2,0.0,0,Công ty Cổ phần Lilama 69-3,L63,UPCOM,2016-10-06,,0.0,,2021,11,11,2797400000000.0
5175,3109,7.0,7.3,7.3,7.0,2500,0.0,0.0,0,0,0,18070000.0,7.3,0.1,0,Công ty Cổ phần Lilama 69-3,L63,UPCOM,2016-10-06,,0.0,,2021,11,12,3184130000000.0
5174,3109,7.2,8.2,8.2,7.2,14101,0.0,0.0,0,0,0,108127000.0,8.2,1.0,0,Công ty Cổ phần Lilama 69-3,L63,UPCOM,2016-10-06,,0.0,,2021,11,15,3452260000000.0
5173,3109,8.3,7.9,8.8,7.7,11366,0.0,0.0,0,0,0,89482000.0,7.9,0.2,0,Công ty Cổ phần Lilama 69-3,L63,UPCOM,2016-10-06,,0.0,,2021,11,16,2624280000000.0
5172,3109,8.8,9.0,9.0,8.0,15100,0.0,0.0,0,0,0,132520000.0,9.0,1.1,0,Công ty Cổ phần Lilama 69-3,L63,UPCOM,2016-10-06,,0.0,,2021,11,17,2564710000000.0
5171,3109,10.0,8.5,10.0,8.3,9700,0.0,0.0,0,0,0,85670000.0,8.5,-0.3,0,Công ty Cổ phần Lilama 69-3,L63,UPCOM,2016-10-06,,0.0,,2021,11,18,3212060000000.0
5170,3109,10.0,8.5,10.0,8.2,19600,0.0,0.0,0,0,0,171730000.0,8.5,-0.3,0,Công ty Cổ phần Lilama 69-3,L63,UPCOM,2016-10-06,,0.0,,2021,11,19,4923530000000.0
5169,3109,8.1,8.5,10.0,7.6,10529,0.0,0.0,0,0,0,91712300.0,8.5,-0.3,0,Công ty Cổ phần Lilama 69-3,L63,UPCOM,2016-10-06,,0.0,,2021,11,22,3112050000000.0
5168,3109,8.8,8.8,8.8,8.8,5900,0.0,0.0,0,0,0,51920000.0,8.8,0.1,0,Công ty Cổ phần Lilama 69-3,L63,UPCOM,2016-10-06,,0.0,,2021,11,23,1894090000000.0
5167,3109,8.9,8.3,8.9,7.6,11200,0.0,0.0,0,0,0,91720000.0,8.3,-0.5,0,Công ty Cổ phần Lilama 69-3,L63,UPCOM,2016-10-06,,0.0,,2021,11,24,2325260000000.0
5166,3109,8.3,8.1,8.3,8.1,2400,0.0,0.0,0,0,0,19880000.0,8.1,-0.1,0,Công ty Cổ phần Lilama 69-3,L63,UPCOM,2016-10-06,,0.0,,2021,11,25,2081610000000.0
5165,3109,8.3,8.3,8.3,8.3,0,0.0,0.0,0,0,0,0.0,8.3,0.0,0,Công ty Cổ phần Lilama 69-3,L63,UPCOM,2016-10-06,,0.0,,2021,11,26,2663670000000.0
session_id,stock_id,open_price,close_price,high_price,low_price,volume_detail,ceiling_price,floor_price,buy_volume,sell_volume,net_volume,matched_value,adjust_price,change_percent,outstanding_share,name,code,stock_space,join_date,leave_date,init_price,category,year,month,day_of_month,volume_session
5388,3109,9.8,9.8,9.8,9.8,0,0.0,0.0,0,0,0,0.0,9.8,0.0,0,Công ty Cổ phần Lilama 69-3,L63,UPCOM,2016-10-06,,0.0,,2021,1,5,725819000000.0
5387,3109,9.8,9.8,9.8,9.8,0,0.0,0.0,0,0,0,0.0,9.8,0.0,0,Công ty Cổ phần Lilama 69-3,L63,UPCOM,2016-10-06,,0.0,,2021,1,6,806605000000.0
5386,3109,9.8,9.8,9.8,9.8,0,0.0,0.0,0,0,0,0.0,9.8,0.0,0,Công ty Cổ phần Lilama 69-3,L63,UPCOM,2016-10-06,,0.0,,2021,1,7,856024000000.0
5385,3109,9.8,9.8,9.8,9.8,0,0.0,0.0,0,0,0,0.0,9.8,0.0,0,Công ty Cổ phần Lilama 69-3,L63,UPCOM,2016-10-06,,0.0,,2021,1,8,1109430000000.0
5384,3109,9.8,9.8,9.8,9.8,0,0.0,0.0,0,0,0,0.0,9.8,0.0,0,Công ty Cổ phần Lilama 69-3,L63,UPCOM,2016-10-06,,0.0,,2021,1,11,980649000000.0
5383,3109,9.8,9.8,9.8,9.8,0,0.0,0.0,0,0,0,0.0,9.8,0.0,0,Công ty Cổ phần Lilama 69-3,L63,UPCOM,2016-10-06,,0.0,,2021,1,12,1026630000000.0
5382,3109,9.8,9.8,9.8,9.8,0,0.0,0.0,0,0,0,0.0,9.8,0.0,0,Công ty Cổ phần Lilama 69-3,L63,UPCOM,2016-10-06,,0.0,,2021,1,13,1078790000000.0
5381,3109,9.8,9.8,9.8,9.8,0,0.0,0.0,0,0,0,0.0,9.8,0.0,0,Công ty Cổ phần Lilama 69-3,L63,UPCOM,2016-10-06,,0.0,,2021,1,14,789897000000.0
5380,3109,11.2,11.2,11.2,11.2,300,0.0,0.0,0,0,0,3360000.0,11.2,1.4,0,Công ty Cổ phần Lilama 69-3,L63,UPCOM,2016-10-06,,0.0,,2021,1,15,1037540000000.0
5379,3109,11.2,11.2,11.2,11.2,0,0.0,0.0,0,0,0,0.0,11.2,0.0,0,Công ty Cổ phần Lilama 69-3,L63,UPCOM,2016-10-06,,0.0,,2021,1,18,983556000000.0
5378,3109,12.8,12.8,12.8,12.8,100,0.0,0.0,0,0,0,1280000.0,12.8,1.6,0,Công ty Cổ phần Lilama 69-3,L63,UPCOM,2016-10-06,,0.0,,2021,1,19,1419270000000.0
5377,3109,12.8,12.8,12.8,12.8,0,0.0,0.0,0,0,0,0.0,12.8,0.0,0,Công ty Cổ phần Lilama 69-3,L63,UPCOM,2016-10-06,,0.0,,2021,1,20,871103000000.0
5376,3109,12.8,12.8,12.8,12.8,0,0.0,0.0,0,0,0,0.0,12.8,0.0,0,Công ty Cổ phần Lilama 69-3,L63,UPCOM,2016-10-06,,0.0,,2021,1,21,762400000000.0
5375,3109,14.6,14.6,14.6,14.6,100,0.0,0.0,0,0,0,1460000.0,14.6,1.8,0,Công ty Cổ phần Lilama 69-3,L63,UPCOM,2016-10-06,,0.0,,2021,1,22,927066000000.0
5374,3109,14.6,14.6,14.6,14.6,0,0.0,0.0,0,0,0,0.0,14.6,0.0,0,Công ty Cổ phần Lilama 69-3,L63,UPCOM,2016-10-06,,0.0,,2021,1,25,780456000000.0
5373,3109,14.6,14.6,14.6,14.6,0,0.0,0.0,0,0,0,0.0,14.6,0.0,0,Công ty Cổ phần Lilama 69-3,L63,UPCOM,2016-10-06,,0.0,,2021,1,26,956941000000.0
5372,3109,14.6,14.6,14.6,14.6,0,0.0,0.0,0,0,0,0.0,14.6,0.0,0,Công ty Cổ phần Lilama 69-3,L63,UPCOM,2016-10-06,,0.0,,2021,1,27,843693000000.0
5371,3109,14.6,14.6,14.6,14.6,0,0.0,0.0,0,0,0,0.0,14.6,0.0,0,Công ty Cổ phần Lilama 69-3,L63,UPCOM,2016-10-06,,0.0,,2021,1,28,936714000000.0
5370,3109,14.6,14.6,14.6,14.6,0,0.0,0.0,0,0,0,0.0,14.6,0.0,0,Công ty Cổ phần Lilama 69-3,L63,UPCOM,2016-10-06,,0.0,,2021,1,29,837816000000.0
5369,3109,14.6,14.6,14.6,14.6,0,0.0,0.0,0,0,0,0.0,14.6,0.0,0,Công ty Cổ phần Lilama 69-3,L63,UPCOM,2016-10-06,,0.0,,2021,2,1,2099650000000.0
5368,3109,14.6,14.6,14.6,14.6,0,0.0,0.0,0,0,0,0.0,14.6,0.0,0,Công ty Cổ phần Lilama 69-3,L63,UPCOM,2016-10-06,,0.0,,2021,2,2,435690000000.0
5367,3109,14.6,14.6,14.6,14.6,0,0.0,0.0,0,0,0,0.0,14.6,0.0,0,Công ty Cổ phần Lilama 69-3,L63,UPCOM,2016-10-06,,0.0,,2021,2,3,586475000000.0
5366,3109,14.6,14.6,14.6,14.6,0,0.0,0.0,0,0,0,0.0,14.6,0.0,0,Công ty Cổ phần Lilama 69-3,L63,UPCOM,2016-10-06,,0.0,,2021,2,4,552528000000.0
5365,3109,16.6,16.6,16.6,16.6,100,0.0,0.0,0,0,0,1660000.0,16.6,2.0,0,Công ty Cổ phần Lilama 69-3,L63,UPCOM,2016-10-06,,0.0,,2021,2,5,519796000000.0
5362,3109,16.6,16.6,16.6,16.6,0,0.0,0.0,0,0,0,0.0,16.6,0.0,0,Công ty Cổ phần Lilama 69-3,L63,UPCOM,2016-10-06,,0.0,,2021,2,17,717340000000.0
5361,3109,16.6,16.6,16.6,16.6,0,0.0,0.0,0,0,0,0.0,16.6,0.0,0,Công ty Cổ phần Lilama 69-3,L63,UPCOM,2016-10-06,,0.0,,2021,2,18,903559000000.0
5360,3109,16.6,16.6,16.6,16.6,0,0.0,0.0,0,0,0,0.0,16.6,0.0,0,Công ty Cổ phần Lilama 69-3,L63,UPCOM,2016-10-06,,0.0,,2021,2,19,835344000000.0
5359,3109,14.2,14.2,14.2,14.2,600,0.0,0.0,0,0,0,8520000.0,14.2,-2.4,0,Công ty Cổ phần Lilama 69-3,L63,UPCOM,2016-10-06,,0.0,,2021,2,22,671227000000.0
5358,3109,14.2,14.2,14.2,14.2,0,0.0,0.0,0,0,0,0.0,14.2,0.0,0,Công ty Cổ phần Lilama 69-3,L63,UPCOM,2016-10-06,,0.0,,2021,2,23,699886000000.0
5357,3109,14.2,14.2,14.2,14.2,0,0.0,0.0,0,0,0,0.0,14.2,0.0,0,Công ty Cổ phần Lilama 69-3,L63,UPCOM,2016-10-06,,0.0,,2021,2,24,831774000000.0
5356,3109,14.2,14.2,14.2,14.2,0,0.0,0.0,0,0,0,0.0,14.2,0.0,0,Công ty Cổ phần Lilama 69-3,L63,UPCOM,2016-10-06,,0.0,,2021,2,25,577595000000.0
5355,3109,14.2,14.2,14.2,14.2,0,0.0,0.0,0,0,0,0.0,14.2,0.0,0,Công ty Cổ phần Lilama 69-3,L63,UPCOM,2016-10-06,,0.0,,2021,2,26,727082000000.0
5354,3109,14.2,14.2,14.2,14.2,0,0.0,0.0,0,0,0,0.0,14.2,0.0,0,Công ty Cổ phần Lilama 69-3,L63,UPCOM,2016-10-06,,0.0,,2021,3,1,1121180000000.0
5353,3109,14.2,14.2,14.2,14.2,0,0.0,0.0,0,0,0,0.0,14.2,0.0,0,Công ty Cổ phần Lilama 69-3,L63,UPCOM,2016-10-06,,0.0,,2021,3,2,854709000000.0
5352,3109,14.2,14.2,14.2,14.2,0,0.0,0.0,0,0,0,0.0,14.2,0.0,0,Công ty Cổ phần Lilama 69-3,L63,UPCOM,2016-10-06,,0.0,,2021,3,3,896608000000.0
5351,3109,14.2,14.2,14.2,14.2,0,0.0,0.0,0,0,0,0.0,14.2,0.0,0,Công ty Cổ phần Lilama 69-3,L63,UPCOM,2016-10-06,,0.0,,2021,3,4,1681950000000.0
5350,3109,14.2,14.2,14.2,14.2,0,0.0,0.0,0,0,0,0.0,14.2,0.0,0,Công ty Cổ phần Lilama 69-3,L63,UPCOM,2016-10-06,,0.0,,2021,3,5,1338230000000.0
5348,3109,14.2,14.2,14.2,14.2,0,0.0,0.0,0,0,0,0.0,14.2,0.0,0,Công ty Cổ phần Lilama 69-3,L63,UPCOM,2016-10-06,,0.0,,2021,3,9,1448200000000.0
5347,3109,12.1,12.1,12.1,12.1,300,0.0,0.0,0,0,0,3630000.0,12.1,-2.1,0,Công ty Cổ phần Lilama 69-3,L63,UPCOM,2016-10-06,,0.0,,2021,3,10,1008270000000.0
5346,3109,10.3,10.3,10.3,10.3,300,0.0,0.0,0,0,0,3090000.0,10.3,-1.8,0,Công ty Cổ phần Lilama 69-3,L63,UPCOM,2016-10-06,,0.0,,2021,3,11,1010060000000.0
5345,3109,10.3,10.3,10.3,10.3,0,0.0,0.0,0,0,0,0.0,10.3,0.0,0,Công ty Cổ phần Lilama 69-3,L63,UPCOM,2016-10-06,,0.0,,2021,3,12,1005030000000.0
5344,3109,10.3,10.3,10.3,10.3,0,0.0,0.0,0,0,0,0.0,10.3,0.0,0,Công ty Cổ phần Lilama 69-3,L63,UPCOM,2016-10-06,,0.0,,2021,3,15,921735000000.0
5343,3109,11.8,8.8,11.8,8.8,6100,0.0,0.0,0,0,0,53980000.0,8.8,-1.5,0,Công ty Cổ phần Lilama 69-3,L63,UPCOM,2016-10-06,,0.0,,2021,3,16,1213940000000.0
5342,3109,8.8,8.0,8.8,8.0,300,0.0,0.0,0,0,0,2480000.0,8.0,-0.8,0,Công ty Cổ phần Lilama 69-3,L63,UPCOM,2016-10-06,,0.0,,2021,3,17,1631100000000.0
5341,3109,7.5,7.5,7.5,7.5,1208,0.0,0.0,0,0,0,9058400.0,7.5,-0.8,0,Công ty Cổ phần Lilama 69-3,L63,UPCOM,2016-10-06,,0.0,,2021,3,18,909289000000.0
5340,3109,7.5,7.5,7.5,7.5,0,0.0,0.0,0,0,0,0.0,7.5,0.0,0,Công ty Cổ phần Lilama 69-3,L63,UPCOM,2016-10-06,,0.0,,2021,3,19,1408180000000.0
5339,3109,6.8,6.5,6.8,6.5,2690,0.0,0.0,0,0,0,17573000.0,6.5,-1.0,0,Công ty Cổ phần Lilama 69-3,L63,UPCOM,2016-10-06,,0.0,,2021,3,22,1103290000000.0
5338,3109,7.4,7.4,7.4,7.4,100,0.0,0.0,0,0,0,740000.0,7.4,0.9,0,Công ty Cổ phần Lilama 69-3,L63,UPCOM,2016-10-06,,0.0,,2021,3,23,1028670000000.0
5337,3109,8.4,8.4,8.4,8.4,118,0.0,0.0,0,0,0,962400.0,8.4,1.0,0,Công ty Cổ phần Lilama 69-3,L63,UPCOM,2016-10-06,,0.0,,2021,3,24,1292570000000.0
5336,3109,8.4,8.4,8.4,8.4,1900,0.0,0.0,0,0,0,15960000.0,8.4,0.0,0,Công ty Cổ phần Lilama 69-3,L63,UPCOM,2016-10-06,,0.0,,2021,3,25,834309000000.0
5335,3109,8.4,8.4,8.4,8.4,0,0.0,0.0,0,0,0,0.0,8.4,0.0,0,Công ty Cổ phần Lilama 69-3,L63,UPCOM,2016-10-06,,0.0,,2021,3,26,1141580000000.0
5334,3109,8.4,8.4,8.4,8.4,200,0.0,0.0,0,0,0,1680000.0,8.4,0.0,0,Công ty Cổ phần Lilama 69-3,L63,UPCOM,2016-10-06,,0.0,,2021,3,29,819489000000.0
5333,3109,8.4,8.4,8.4,8.4,0,0.0,0.0,0,0,0,0.0,8.4,0.0,0,Công ty Cổ phần Lilama 69-3,L63,UPCOM,2016-10-06,,0.0,,2021,3,30,824376000000.0
5332,3109,8.4,8.2,8.4,8.2,914,0.0,0.0,0,0,0,7554800.0,8.2,-0.2,0,Công ty Cổ phần Lilama 69-3,L63,UPCOM,2016-10-06,,0.0,,2021,3,31,1367190000000.0
5331,3109,8.3,8.3,8.3,8.3,84,0.0,0.0,0,0,0,628400.0,8.3,0.0,0,Công ty Cổ phần Lilama 69-3,L63,UPCOM,2016-10-06,,0.0,,2021,4,1,1153200000000.0
5330,3109,8.3,8.3,8.3,8.3,24,0.0,0.0,0,0,0,201600.0,8.3,0.0,0,Công ty Cổ phần Lilama 69-3,L63,UPCOM,2016-10-06,,0.0,,2021,4,2,1136450000000.0
5329,3109,8.3,8.3,8.3,8.3,0,0.0,0.0,0,0,0,0.0,8.3,0.0,0,Công ty Cổ phần Lilama 69-3,L63,UPCOM,2016-10-06,,0.0,,2021,4,5,1249870000000.0
5328,3109,8.3,8.3,8.3,8.3,31,0.0,0.0,0,0,0,226300.0,8.3,0.0,0,Công ty Cổ phần Lilama 69-3,L63,UPCOM,2016-10-06,,0.0,,2021,4,6,1175090000000.0
5327,3109,8.3,8.3,8.3,8.3,0,0.0,0.0,0,0,0,0.0,8.3,0.0,0,Công ty Cổ phần Lilama 69-3,L63,UPCOM,2016-10-06,,0.0,,2021,4,7,1035580000000.0
5326,3109,7.3,8.2,8.2,7.1,15100,0.0,0.0,0,0,0,107560000.0,8.2,-0.1,0,Công ty Cổ phần Lilama 69-3,L63,UPCOM,2016-10-06,,0.0,,2021,4,8,1269050000000.0
5324,3109,7.8,7.9,7.9,7.8,200,0.0,0.0,0,0,0,1570000.0,7.9,0.3,0,Công ty Cổ phần Lilama 69-3,L63,UPCOM,2016-10-06,,0.0,,2021,4,12,1250730000000.0
5323,3109,7.9,7.9,7.9,7.9,3100,0.0,0.0,0,0,0,24490000.0,7.9,0.0,0,Công ty Cổ phần Lilama 69-3,L63,UPCOM,2016-10-06,,0.0,,2021,4,13,1634730000000.0
5322,3109,7.9,7.9,7.9,7.9,2516,0.0,0.0,0,0,0,19876400.0,7.9,0.0,0,Công ty Cổ phần Lilama 69-3,L63,UPCOM,2016-10-06,,0.0,,2021,4,14,1050150000000.0
5321,3109,7.9,7.9,7.9,7.9,0,0.0,0.0,0,0,0,0.0,7.9,0.0,0,Công ty Cổ phần Lilama 69-3,L63,UPCOM,2016-10-06,,0.0,,2021,4,15,1037730000000.0
5320,3109,7.8,7.9,7.9,7.8,9700,0.0,0.0,0,0,0,76130000.0,7.9,0.0,0,Công ty Cổ phần Lilama 69-3,L63,UPCOM,2016-10-06,,0.0,,2021,4,16,1245000000000.0
5319,3109,7.8,7.8,7.8,7.8,1800,0.0,0.0,0,0,0,14040000.0,7.8,0.0,0,Công ty Cổ phần Lilama 69-3,L63,UPCOM,2016-10-06,,0.0,,2021,4,19,803251000000.0
5318,3109,7.0,7.0,7.1,7.0,4400,0.0,0.0,0,0,0,30950000.0,7.0,-0.8,0,Công ty Cổ phần Lilama 69-3,L63,UPCOM,2016-10-06,,0.0,,2021,4,20,885361000000.0
5317,3109,7.9,7.9,7.9,7.9,100,0.0,0.0,0,0,0,790000.0,7.9,0.9,0,Công ty Cổ phần Lilama 69-3,L63,UPCOM,2016-10-06,,0.0,,2021,4,22,973272000000.0
5316,3109,7.1,7.1,7.1,7.1,100,0.0,0.0,0,0,0,710000.0,7.1,-0.8,0,Công ty Cổ phần Lilama 69-3,L63,UPCOM,2016-10-06,,0.0,,2021,4,23,875729000000.0
5315,3109,7.1,7.1,7.1,7.1,2900,0.0,0.0,0,0,0,20590000.0,7.1,0.0,0,Công ty Cổ phần Lilama 69-3,L63,UPCOM,2016-10-06,,0.0,,2021,4,26,650081000000.0
5314,3109,7.1,7.1,7.1,7.1,0,0.0,0.0,0,0,0,0.0,7.1,0.0,0,Công ty Cổ phần Lilama 69-3,L63,UPCOM,2016-10-06,,0.0,,2021,4,27,518638000000.0
5313,3109,7.1,7.1,7.1,7.1,100,0.0,0.0,0,0,0,710000.0,7.1,0.0,0,Công ty Cổ phần Lilama 69-3,L63,UPCOM,2016-10-06,,0.0,,2021,4,28,444481000000.0
5312,3109,7.1,7.1,7.1,7.1,0,0.0,0.0,0,0,0,0.0,7.1,0.0,0,Công ty Cổ phần Lilama 69-3,L63,UPCOM,2016-10-06,,0.0,,2021,4,29,580286000000.0
5311,3109,6.2,6.2,6.2,6.2,2000,0.0,0.0,0,0,0,12400000.0,6.2,-0.9,0,Công ty Cổ phần Lilama 69-3,L63,UPCOM,2016-10-06,,0.0,,2021,5,4,621545000000.0
5310,3109,7.0,7.1,7.1,7.0,1300,0.0,0.0,0,0,0,9130000.0,7.1,0.9,0,Công ty Cổ phần Lilama 69-3,L63,UPCOM,2016-10-06,,0.0,,2021,5,5,885929000000.0
5309,3109,7.8,7.8,7.8,7.8,100,0.0,0.0,0,0,0,780000.0,7.8,0.8,0,Công ty Cổ phần Lilama 69-3,L63,UPCOM,2016-10-06,,0.0,,2021,5,6,936532000000.0
5308,3109,7.8,7.8,7.8,7.8,0,0.0,0.0,0,0,0,0.0,7.8,0.0,0,Công ty Cổ phần Lilama 69-3,L63,UPCOM,2016-10-06,,0.0,,2021,5,7,945763000000.0
5307,3109,7.8,7.8,7.8,7.8,0,0.0,0.0,0,0,0,0.0,7.8,0.0,0,Công ty Cổ phần Lilama 69-3,L63,UPCOM,2016-10-06,,0.0,,2021,5,10,925055000000.0
5306,3109,7.7,7.7,7.7,7.7,100,0.0,0.0,0,0,0,770000.0,7.7,-0.1,0,Công ty Cổ phần Lilama 69-3,L63,UPCOM,2016-10-06,,0.0,,2021,5,11,835450000000.0
5305,3109,7.7,7.7,7.7,7.7,0,0.0,0.0,0,0,0,0.0,7.7,0.0,0,Công ty Cổ phần Lilama 69-3,L63,UPCOM,2016-10-06,,0.0,,2021,5,12,818722000000.0
5304,3109,7.7,7.7,7.7,7.7,0,0.0,0.0,0,0,0,0.0,7.7,0.0,0,Công ty Cổ phần Lilama 69-3,L63,UPCOM,2016-10-06,,0.0,,2021,5,13,831589000000.0
5303,3109,7.7,7.7,7.7,7.7,0,0.0,0.0,0,0,0,0.0,7.7,0.0,0,Công ty Cổ phần Lilama 69-3,L63,UPCOM,2016-10-06,,0.0,,2021,5,14,929986000000.0
5302,3109,7.7,7.7,7.7,7.7,0,0.0,0.0,0,0,0,0.0,7.7,0.0,0,Công ty Cổ phần Lilama 69-3,L63,UPCOM,2016-10-06,,0.0,,2021,5,17,764399000000.0
5301,3109,7.7,7.7,7.7,7.7,0,0.0,0.0,0,0,0,0.0,7.7,0.0,0,Công ty Cổ phần Lilama 69-3,L63,UPCOM,2016-10-06,,0.0,,2021,5,18,822460000000.0
5300,3109,7.6,7.6,7.6,7.6,100,0.0,0.0,0,0,0,760000.0,7.6,-0.1,0,Công ty Cổ phần Lilama 69-3,L63,UPCOM,2016-10-06,,0.0,,2021,5,19,587797000000.0
5299,3109,7.6,7.6,7.6,7.6,0,0.0,0.0,0,0,0,0.0,7.6,0.0,0,Công ty Cổ phần Lilama 69-3,L63,UPCOM,2016-10-06,,0.0,,2021,5,20,942287000000.0
5298,3109,7.0,7.0,7.0,7.0,100,0.0,0.0,0,0,0,700000.0,7.0,-0.6,0,Công ty Cổ phần Lilama 69-3,L63,UPCOM,2016-10-06,,0.0,,2021,5,21,1294970000000.0
5297,3109,7.0,7.0,7.0,7.0,900,0.0,0.0,0,0,0,6300000.0,7.0,0.0,0,Công ty Cổ phần Lilama 69-3,L63,UPCOM,2016-10-06,,0.0,,2021,5,24,840758000000.0
5296,3109,7.0,7.0,7.0,7.0,0,0.0,0.0,0,0,0,0.0,7.0,0.0,0,Công ty Cổ phần Lilama 69-3,L63,UPCOM,2016-10-06,,0.0,,2021,5,25,1013160000000.0
5295,3109,7.0,7.0,7.0,7.0,0,0.0,0.0,0,0,0,0.0,7.0,0.0,0,Công ty Cổ phần Lilama 69-3,L63,UPCOM,2016-10-06,,0.0,,2021,5,26,979778000000.0
5294,3109,7.0,7.0,7.0,7.0,300,0.0,0.0,0,0,0,2100000.0,7.0,0.0,0,Công ty Cổ phần Lilama 69-3,L63,UPCOM,2016-10-06,,0.0,,2021,5,27,1307780000000.0
5293,3109,7.0,7.0,7.0,7.0,2900,0.0,0.0,0,0,0,20300000.0,7.0,0.0,0,Công ty Cổ phần Lilama 69-3,L63,UPCOM,2016-10-06,,0.0,,2021,5,28,1519460000000.0
5292,3109,7.0,7.0,7.0,7.0,0,0.0,0.0,0,0,0,0.0,7.0,0.0,0,Công ty Cổ phần Lilama 69-3,L63,UPCOM,2016-10-06,,0.0,,2021,5,31,1948800000000.0
5291,3109,7.0,7.0,7.0,7.0,0,0.0,0.0,0,0,0,0.0,7.0,0.0,0,Công ty Cổ phần Lilama 69-3,L63,UPCOM,2016-10-06,,0.0,,2021,6,1,1789480000000.0
5290,3109,7.0,7.0,7.0,7.0,0,0.0,0.0,0,0,0,0.0,7.0,0.0,0,Công ty Cổ phần Lilama 69-3,L63,UPCOM,2016-10-06,,0.0,,2021,6,2,2058620000000.0
5289,3109,7.0,7.0,7.0,7.0,0,0.0,0.0,0,0,0,0.0,7.0,0.0,0,Công ty Cổ phần Lilama 69-3,L63,UPCOM,2016-10-06,,0.0,,2021,6,3,2003500000000.0
5288,3109,7.0,7.0,7.0,7.0,500,0.0,0.0,0,0,0,3500000.0,7.0,0.0,0,Công ty Cổ phần Lilama 69-3,L63,UPCOM,2016-10-06,,0.0,,2021,6,4,2380920000000.0
5287,3109,7.0,7.0,7.0,7.0,900,0.0,0.0,0,0,0,6300000.0,7.0,0.0,0,Công ty Cổ phần Lilama 69-3,L63,UPCOM,2016-10-06,,0.0,,2021,6,7,2069280000000.0
5286,3109,6.8,6.8,6.8,6.8,500,0.0,0.0,0,0,0,3400000.0,6.8,-0.2,0,Công ty Cổ phần Lilama 69-3,L63,UPCOM,2016-10-06,,0.0,,2021,6,8,1993550000000.0
5285,3109,6.8,6.8,6.8,6.8,1500,0.0,0.0,0,0,0,10200000.0,6.8,0.0,0,Công ty Cổ phần Lilama 69-3,L63,UPCOM,2016-10-06,,0.0,,2021,6,9,1492340000000.0
5284,3109,6.8,6.8,6.8,6.8,0,0.0,0.0,0,0,0,0.0,6.8,0.0,0,Công ty Cổ phần Lilama 69-3,L63,UPCOM,2016-10-06,,0.0,,2021,6,10,1519130000000.0
5283,3109,6.8,6.8,6.8,6.8,0,0.0,0.0,0,0,0,0.0,6.8,0.0,0,Công ty Cổ phần Lilama 69-3,L63,UPCOM,2016-10-06,,0.0,,2021,6,11,1657980000000.0
5282,3109,6.8,6.8,6.8,6.8,0,0.0,0.0,0,0,0,0.0,6.8,0.0,0,Công ty Cổ phần Lilama 69-3,L63,UPCOM,2016-10-06,,0.0,,2021,6,14,1749770000000.0
5281,3109,6.8,6.8,6.8,6.8,100,0.0,0.0,0,0,0,680000.0,6.8,0.0,0,Công ty Cổ phần Lilama 69-3,L63,UPCOM,2016-10-06,,0.0,,2021,6,15,1365310000000.0
5280,3109,6.8,5.9,6.8,5.9,1265,0.0,0.0,0,0,0,8447800.0,5.9,-0.9,0,Công ty Cổ phần Lilama 69-3,L63,UPCOM,2016-10-06,,0.0,,2021,6,16,1621670000000.0
5279,3109,6.9,6.9,6.9,6.9,300,0.0,0.0,0,0,0,2070000.0,6.9,0.2,0,Công ty Cổ phần Lilama 69-3,L63,UPCOM,2016-10-06,,0.0,,2021,6,17,1301520000000.0
5278,3109,6.9,6.9,6.9,6.9,0,0.0,0.0,0,0,0,0.0,6.9,0.0,0,Công ty Cổ phần Lilama 69-3,L63,UPCOM,2016-10-06,,0.0,,2021,6,18,1876400000000.0
5277,3109,6.9,6.9,6.9,6.9,1,0.0,0.0,0,0,0,6900.0,6.9,0.0,0,Công ty Cổ phần Lilama 69-3,L63,UPCOM,2016-10-06,,0.0,,2021,6,21,1627920000000.0
5276,3109,7.0,7.0,7.0,7.0,1100,0.0,0.0,0,0,0,7700000.0,7.0,0.1,0,Công ty Cổ phần Lilama 69-3,L63,UPCOM,2016-10-06,,0.0,,2021,6,22,1534590000000.0
session_id,stock_id,open_price,close_price,high_price,low_price,volume_detail,ceiling_price,floor_price,buy_volume,sell_volume,net_volume,matched_value,adjust_price,change_percent,outstanding_share,name,code,stock_space,join_date,leave_date,init_price,category,year,month,day_of_month,volume_session
5500,3109,7.5,7.5,7.5,7.5,0,0.0,0.0,0,0,0,0.0,7.5,0.0,0,Công ty Cổ phần Lilama 69-3,L63,UPCOM,2016-10-06,,0.0,,2020,7,29,259979000000.0
5499,3109,7.5,7.5,7.5,7.5,0,0.0,0.0,0,0,0,0.0,7.5,0.0,0,Công ty Cổ phần Lilama 69-3,L63,UPCOM,2016-10-06,,0.0,,2020,7,30,169699000000.0
5498,3109,7.5,7.5,7.5,7.5,0,0.0,0.0,0,0,0,0.0,7.5,0.0,0,Công ty Cổ phần Lilama 69-3,L63,UPCOM,2016-10-06,,0.0,,2020,7,31,207481000000.0
5497,3109,7.5,7.5,7.5,7.5,0,0.0,0.0,0,0,0,0.0,7.5,0.0,0,Công ty Cổ phần Lilama 69-3,L63,UPCOM,2016-10-06,,0.0,,2020,8,3,216106000000.0
5496,3109,7.5,7.5,7.5,7.5,0,0.0,0.0,0,0,0,0.0,7.5,0.0,0,Công ty Cổ phần Lilama 69-3,L63,UPCOM,2016-10-06,,0.0,,2020,8,4,209456000000.0
5495,3109,7.5,7.5,7.5,7.5,0,0.0,0.0,0,0,0,0.0,7.5,0.0,0,Công ty Cổ phần Lilama 69-3,L63,UPCOM,2016-10-06,,0.0,,2020,8,5,240942000000.0
5494,3109,7.5,7.5,7.5,7.5,0,0.0,0.0,0,0,0,0.0,7.5,0.0,0,Công ty Cổ phần Lilama 69-3,L63,UPCOM,2016-10-06,,0.0,,2020,8,6,229281000000.0
5493,3109,7.5,7.5,7.5,7.5,0,0.0,0.0,0,0,0,0.0,7.5,0.0,0,Công ty Cổ phần Lilama 69-3,L63,UPCOM,2016-10-06,,0.0,,2020,8,7,181333000000.0
5492,3109,7.5,7.5,7.5,7.5,0,0.0,0.0,0,0,0,0.0,7.5,0.0,0,Công ty Cổ phần Lilama 69-3,L63,UPCOM,2016-10-06,,0.0,,2020,8,10,214733000000.0
5491,3109,7.5,7.5,7.5,7.5,0,0.0,0.0,0,0,0,0.0,7.5,0.0,0,Công ty Cổ phần Lilama 69-3,L63,UPCOM,2016-10-06,,0.0,,2020,8,11,288114000000.0
5490,3109,7.5,7.5,7.5,7.5,0,0.0,0.0,0,0,0,0.0,7.5,0.0,0,Công ty Cổ phần Lilama 69-3,L63,UPCOM,2016-10-06,,0.0,,2020,8,12,262897000000.0
5489,3109,7.5,7.5,7.5,7.5,0,0.0,0.0,0,0,0,0.0,7.5,0.0,0,Công ty Cổ phần Lilama 69-3,L63,UPCOM,2016-10-06,,0.0,,2020,8,13,238360000000.0
5488,3109,7.5,7.5,7.5,7.5,0,0.0,0.0,0,0,0,0.0,7.5,0.0,0,Công ty Cổ phần Lilama 69-3,L63,UPCOM,2016-10-06,,0.0,,2020,8,14,299284000000.0
5487,3109,7.5,7.5,7.5,7.5,0,0.0,0.0,0,0,0,0.0,7.5,0.0,0,Công ty Cổ phần Lilama 69-3,L63,UPCOM,2016-10-06,,0.0,,2020,8,17,318739000000.0
5486,3109,7.5,7.5,7.5,7.5,0,0.0,0.0,0,0,0,0.0,7.5,0.0,0,Công ty Cổ phần Lilama 69-3,L63,UPCOM,2016-10-06,,0.0,,2020,8,18,255479000000.0
5485,3109,7.5,7.5,7.5,7.5,0,0.0,0.0,0,0,0,0.0,7.5,0.0,0,Công ty Cổ phần Lilama 69-3,L63,UPCOM,2016-10-06,,0.0,,2020,8,19,245982000000.0
5484,3109,7.5,7.5,7.5,7.5,0,0.0,0.0,0,0,0,0.0,7.5,0.0,0,Công ty Cổ phần Lilama 69-3,L63,UPCOM,2016-10-06,,0.0,,2020,8,20,253015000000.0
5483,3109,7.5,7.5,7.5,7.5,0,0.0,0.0,0,0,0,0.0,7.5,0.0,0,Công ty Cổ phần Lilama 69-3,L63,UPCOM,2016-10-06,,0.0,,2020,8,21,314490000000.0
5482,3109,7.5,7.5,7.5,7.5,0,0.0,0.0,0,0,0,0.0,7.5,0.0,0,Công ty Cổ phần Lilama 69-3,L63,UPCOM,2016-10-06,,0.0,,2020,8,24,403403000000.0
5481,3109,7.5,7.5,7.5,7.5,0,0.0,0.0,0,0,0,0.0,7.5,0.0,0,Công ty Cổ phần Lilama 69-3,L63,UPCOM,2016-10-06,,0.0,,2020,8,25,415145000000.0
5480,3109,7.5,7.5,7.5,7.5,0,0.0,0.0,0,0,0,0.0,7.5,0.0,0,Công ty Cổ phần Lilama 69-3,L63,UPCOM,2016-10-06,,0.0,,2020,8,26,346168000000.0
5479,3109,7.5,7.5,7.5,7.5,0,0.0,0.0,0,0,0,0.0,7.5,0.0,0,Công ty Cổ phần Lilama 69-3,L63,UPCOM,2016-10-06,,0.0,,2020,8,27,295146000000.0
5478,3109,7.5,7.5,7.5,7.5,0,0.0,0.0,0,0,0,0.0,7.5,0.0,0,Công ty Cổ phần Lilama 69-3,L63,UPCOM,2016-10-06,,0.0,,2020,8,28,353556000000.0
5477,3109,7.5,7.5,7.5,7.5,0,0.0,0.0,0,0,0,0.0,7.5,0.0,0,Công ty Cổ phần Lilama 69-3,L63,UPCOM,2016-10-06,,0.0,,2020,8,31,373079000000.0
5476,3109,7.5,7.5,7.5,7.5,0,0.0,0.0,0,0,0,0.0,7.5,0.0,0,Công ty Cổ phần Lilama 69-3,L63,UPCOM,2016-10-06,,0.0,,2020,9,1,250977000000.0
5475,3109,7.5,7.5,7.5,7.5,0,0.0,0.0,0,0,0,0.0,7.5,0.0,0,Công ty Cổ phần Lilama 69-3,L63,UPCOM,2016-10-06,,0.0,,2020,9,3,320268000000.0
5474,3109,7.5,7.5,7.5,7.5,0,0.0,0.0,0,0,0,0.0,7.5,0.0,0,Công ty Cổ phần Lilama 69-3,L63,UPCOM,2016-10-06,,0.0,,2020,9,4,316276000000.0
5473,3109,7.5,7.5,7.5,7.5,0,0.0,0.0,0,0,0,0.0,7.5,0.0,0,Công ty Cổ phần Lilama 69-3,L63,UPCOM,2016-10-06,,0.0,,2020,9,7,313181000000.0
5472,3109,7.5,7.5,7.5,7.5,0,0.0,0.0,0,0,0,0.0,7.5,0.0,0,Công ty Cổ phần Lilama 69-3,L63,UPCOM,2016-10-06,,0.0,,2020,9,8,235336000000.0
5471,3109,7.5,7.5,7.5,7.5,0,0.0,0.0,0,0,0,0.0,7.5,0.0,0,Công ty Cổ phần Lilama 69-3,L63,UPCOM,2016-10-06,,0.0,,2020,9,9,287568000000.0
5470,3109,6.5,6.5,6.5,6.5,1000,0.0,0.0,0,0,0,6500000.0,6.5,-1.0,0,Công ty Cổ phần Lilama 69-3,L63,UPCOM,2016-10-06,,0.0,,2020,9,10,252220000000.0
5469,3109,6.2,6.2,6.2,6.2,1637,0.0,0.0,0,0,0,10139200.0,6.2,-0.3,0,Công ty Cổ phần Lilama 69-3,L63,UPCOM,2016-10-06,,0.0,,2020,9,11,238300000000.0
5468,3109,7.1,7.1,7.1,7.1,1500,0.0,0.0,0,0,0,10650000.0,7.1,0.9,0,Công ty Cổ phần Lilama 69-3,L63,UPCOM,2016-10-06,,0.0,,2020,9,14,418743000000.0
5467,3109,7.5,7.5,7.5,7.5,1500,0.0,0.0,0,0,0,11250000.0,7.5,0.4,0,Công ty Cổ phần Lilama 69-3,L63,UPCOM,2016-10-06,,0.0,,2020,9,15,309526000000.0
5466,3109,8.6,8.6,8.6,8.6,101,0.0,0.0,0,0,0,867500.0,8.6,1.1,0,Công ty Cổ phần Lilama 69-3,L63,UPCOM,2016-10-06,,0.0,,2020,9,16,332918000000.0
5465,3109,9.8,9.8,9.8,9.8,100,0.0,0.0,0,0,0,980000.0,9.8,1.2,0,Công ty Cổ phần Lilama 69-3,L63,UPCOM,2016-10-06,,0.0,,2020,9,17,385917000000.0
5464,3109,11.2,8.4,11.2,8.4,1418,0.0,0.0,0,0,0,12206600.0,8.4,-1.4,0,Công ty Cổ phần Lilama 69-3,L63,UPCOM,2016-10-06,,0.0,,2020,9,18,416029000000.0
5463,3109,8.6,8.6,8.6,8.6,0,0.0,0.0,0,0,0,0.0,8.6,0.0,0,Công ty Cổ phần Lilama 69-3,L63,UPCOM,2016-10-06,,0.0,,2020,9,21,451988000000.0
5462,3109,9.8,9.8,9.8,9.8,100,0.0,0.0,0,0,0,980000.0,9.8,1.2,0,Công ty Cổ phần Lilama 69-3,L63,UPCOM,2016-10-06,,0.0,,2020,9,22,372952000000.0
5461,3109,9.8,9.8,9.8,9.8,0,0.0,0.0,0,0,0,0.0,9.8,0.0,0,Công ty Cổ phần Lilama 69-3,L63,UPCOM,2016-10-06,,0.0,,2020,9,23,439006000000.0
5460,3109,11.1,11.1,11.1,11.1,100,0.0,0.0,0,0,0,1110000.0,11.1,1.3,0,Công ty Cổ phần Lilama 69-3,L63,UPCOM,2016-10-06,,0.0,,2020,9,24,362325000000.0
5459,3109,12.5,12.5,12.5,12.5,100,0.0,0.0,0,0,0,1250000.0,12.5,1.4,0,Công ty Cổ phần Lilama 69-3,L63,UPCOM,2016-10-06,,0.0,,2020,9,25,400627000000.0
5458,3109,12.5,12.5,12.5,12.5,8,0.0,0.0,0,0,0,85600.0,12.5,0.0,0,Công ty Cổ phần Lilama 69-3,L63,UPCOM,2016-10-06,,0.0,,2020,9,28,390939000000.0
5457,3109,12.5,12.5,12.5,12.5,0,0.0,0.0,0,0,0,0.0,12.5,0.0,0,Công ty Cổ phần Lilama 69-3,L63,UPCOM,2016-10-06,,0.0,,2020,9,29,475864000000.0
5456,3109,12.5,12.5,12.5,12.5,0,0.0,0.0,0,0,0,0.0,12.5,0.0,0,Công ty Cổ phần Lilama 69-3,L63,UPCOM,2016-10-06,,0.0,,2020,9,30,401021000000.0
5455,3109,12.5,12.5,12.5,12.5,0,0.0,0.0,0,0,0,0.0,12.5,0.0,0,Công ty Cổ phần Lilama 69-3,L63,UPCOM,2016-10-06,,0.0,,2020,10,1,507201000000.0
5454,3109,12.5,12.5,12.5,12.5,0,0.0,0.0,0,0,0,0.0,12.5,0.0,0,Công ty Cổ phần Lilama 69-3,L63,UPCOM,2016-10-06,,0.0,,2020,10,2,655376000000.0
5453,3109,12.5,12.5,12.5,12.5,0,0.0,0.0,0,0,0,0.0,12.5,0.0,0,Công ty Cổ phần Lilama 69-3,L63,UPCOM,2016-10-06,,0.0,,2020,10,5,365736000000.0
5452,3109,12.5,12.5,12.5,12.5,0,0.0,0.0,0,0,0,0.0,12.5,0.0,0,Công ty Cổ phần Lilama 69-3,L63,UPCOM,2016-10-06,,0.0,,2020,10,6,491288000000.0
5451,3109,12.5,12.5,12.5,12.5,0,0.0,0.0,0,0,0,0.0,12.5,0.0,0,Công ty Cổ phần Lilama 69-3,L63,UPCOM,2016-10-06,,0.0,,2020,10,7,501661000000.0
5450,3109,14.2,10.7,14.2,10.7,200,0.0,0.0,0,0,0,2490000.0,10.7,-1.8,0,Công ty Cổ phần Lilama 69-3,L63,UPCOM,2016-10-06,,0.0,,2020,10,8,445386000000.0
5449,3109,12.5,12.5,12.5,12.5,0,0.0,0.0,0,0,0,0.0,12.5,0.0,0,Công ty Cổ phần Lilama 69-3,L63,UPCOM,2016-10-06,,0.0,,2020,10,9,403189000000.0
5448,3109,12.5,12.5,12.5,12.5,0,0.0,0.0,0,0,0,0.0,12.5,0.0,0,Công ty Cổ phần Lilama 69-3,L63,UPCOM,2016-10-06,,0.0,,2020,10,12,423296000000.0
5447,3109,12.5,12.5,12.5,12.5,0,0.0,0.0,0,0,0,0.0,12.5,0.0,0,Công ty Cổ phần Lilama 69-3,L63,UPCOM,2016-10-06,,0.0,,2020,10,13,314444000000.0
5446,3109,14.1,10.7,14.1,10.7,200,0.0,0.0,0,0,0,2480000.0,10.7,-1.8,0,Công ty Cổ phần Lilama 69-3,L63,UPCOM,2016-10-06,,0.0,,2020,10,14,482930000000.0
5445,3109,12.4,12.4,12.4,12.4,0,0.0,0.0,0,0,0,0.0,12.4,0.0,0,Công ty Cổ phần Lilama 69-3,L63,UPCOM,2016-10-06,,0.0,,2020,10,15,759368000000.0
5444,3109,12.4,12.4,12.4,12.4,0,0.0,0.0,0,0,0,0.0,12.4,0.0,0,Công ty Cổ phần Lilama 69-3,L63,UPCOM,2016-10-06,,0.0,,2020,10,16,479392000000.0
5443,3109,12.4,12.4,12.4,12.4,0,0.0,0.0,0,0,0,0.0,12.4,0.0,0,Công ty Cổ phần Lilama 69-3,L63,UPCOM,2016-10-06,,0.0,,2020,10,19,365475000000.0
5442,3109,12.4,12.4,12.4,12.4,0,0.0,0.0,0,0,0,0.0,12.4,0.0,0,Công ty Cổ phần Lilama 69-3,L63,UPCOM,2016-10-06,,0.0,,2020,10,20,449549000000.0
5441,3109,12.4,12.4,12.4,12.4,0,0.0,0.0,0,0,0,0.0,12.4,0.0,0,Công ty Cổ phần Lilama 69-3,L63,UPCOM,2016-10-06,,0.0,,2020,10,21,424688000000.0
5440,3109,10.6,10.6,10.6,10.6,100,0.0,0.0,0,0,0,1060000.0,10.6,-1.8,0,Công ty Cổ phần Lilama 69-3,L63,UPCOM,2016-10-06,,0.0,,2020,10,22,302270000000.0
5439,3109,10.6,10.6,10.6,10.6,0,0.0,0.0,0,0,0,0.0,10.6,0.0,0,Công ty Cổ phần Lilama 69-3,L63,UPCOM,2016-10-06,,0.0,,2020,10,23,460623000000.0
5438,3109,10.6,10.6,10.6,10.6,0,0.0,0.0,0,0,0,0.0,10.6,0.0,0,Công ty Cổ phần Lilama 69-3,L63,UPCOM,2016-10-06,,0.0,,2020,10,26,269985000000.0
5437,3109,9.1,9.1,9.1,9.1,100,0.0,0.0,0,0,0,910000.0,9.1,-1.5,0,Công ty Cổ phần Lilama 69-3,L63,UPCOM,2016-10-06,,0.0,,2020,10,27,217503000000.0
5436,3109,9.1,9.1,9.1,9.1,0,0.0,0.0,0,0,0,0.0,9.1,0.0,0,Công ty Cổ phần Lilama 69-3,L63,UPCOM,2016-10-06,,0.0,,2020,10,28,350269000000.0
5435,3109,9.1,9.1,9.1,9.1,0,0.0,0.0,0,0,0,0.0,9.1,0.0,0,Công ty Cổ phần Lilama 69-3,L63,UPCOM,2016-10-06,,0.0,,2020,10,29,226953000000.0
5434,3109,7.8,7.8,7.8,7.8,100,0.0,0.0,0,0,0,780000.0,7.8,-1.3,0,Công ty Cổ phần Lilama 69-3,L63,UPCOM,2016-10-06,,0.0,,2020,10,30,157466000000.0
5433,3109,6.7,8.9,8.9,6.7,328,0.0,0.0,0,0,0,2434000.0,8.9,1.1,0,Công ty Cổ phần Lilama 69-3,L63,UPCOM,2016-10-06,,0.0,,2020,11,2,151745000000.0
5432,3109,8.0,8.6,8.6,8.0,2572,0.0,0.0,0,0,0,21814400.0,8.6,0.8,0,Công ty Cổ phần Lilama 69-3,L63,UPCOM,2016-10-06,,0.0,,2020,11,3,148170000000.0
5431,3109,8.0,7.8,8.0,7.8,200,0.0,0.0,0,0,0,1580000.0,7.8,-0.7,0,Công ty Cổ phần Lilama 69-3,L63,UPCOM,2016-10-06,,0.0,,2020,11,4,216959000000.0
5430,3109,7.0,7.0,7.0,7.0,100,0.0,0.0,0,0,0,700000.0,7.0,-0.9,0,Công ty Cổ phần Lilama 69-3,L63,UPCOM,2016-10-06,,0.0,,2020,11,5,187273000000.0
5429,3109,6.0,6.0,6.0,6.0,100,0.0,0.0,0,0,0,600000.0,6.0,-1.0,0,Công ty Cổ phần Lilama 69-3,L63,UPCOM,2016-10-06,,0.0,,2020,11,6,183338000000.0
5428,3109,6.9,6.9,6.9,6.9,2800,0.0,0.0,0,0,0,19320000.0,6.9,0.9,0,Công ty Cổ phần Lilama 69-3,L63,UPCOM,2016-10-06,,0.0,,2020,11,9,265516000000.0
5427,3109,7.8,7.8,7.8,7.8,100,0.0,0.0,0,0,0,780000.0,7.8,0.9,0,Công ty Cổ phần Lilama 69-3,L63,UPCOM,2016-10-06,,0.0,,2020,11,10,318928000000.0
5426,3109,7.8,7.8,7.8,7.8,0,0.0,0.0,0,0,0,0.0,7.8,0.0,0,Công ty Cổ phần Lilama 69-3,L63,UPCOM,2016-10-06,,0.0,,2020,11,11,216058000000.0
5425,3109,7.0,7.0,7.0,7.0,3000,0.0,0.0,0,0,0,21000000.0,7.0,-0.8,0,Công ty Cổ phần Lilama 69-3,L63,UPCOM,2016-10-06,,0.0,,2020,11,12,288604000000.0
5424,3109,7.9,7.9,7.9,7.9,100,0.0,0.0,0,0,0,790000.0,7.9,0.9,0,Công ty Cổ phần Lilama 69-3,L63,UPCOM,2016-10-06,,0.0,,2020,11,13,290004000000.0
5423,3109,9.0,9.0,9.0,9.0,300,0.0,0.0,0,0,0,2700000.0,9.0,1.1,0,Công ty Cổ phần Lilama 69-3,L63,UPCOM,2016-10-06,,0.0,,2020,11,16,324471000000.0
5422,3109,10.3,10.3,10.3,10.3,300,0.0,0.0,0,0,0,3090000.0,10.3,1.3,0,Công ty Cổ phần Lilama 69-3,L63,UPCOM,2016-10-06,,0.0,,2020,11,17,391564000000.0
5421,3109,10.3,10.3,10.3,10.3,0,0.0,0.0,0,0,0,0.0,10.3,0.0,0,Công ty Cổ phần Lilama 69-3,L63,UPCOM,2016-10-06,,0.0,,2020,11,18,403458000000.0
5420,3109,8.8,8.8,8.8,8.8,300,0.0,0.0,0,0,0,2640000.0,8.8,-1.5,0,Công ty Cổ phần Lilama 69-3,L63,UPCOM,2016-10-06,,0.0,,2020,11,19,382093000000.0
5419,3109,8.8,8.8,8.8,8.8,0,0.0,0.0,0,0,0,0.0,8.8,0.0,0,Công ty Cổ phần Lilama 69-3,L63,UPCOM,2016-10-06,,0.0,,2020,11,20,483547000000.0
5417,3109,11.5,11.5,11.5,11.5,0,0.0,0.0,0,0,0,0.0,11.5,0.0,0,Công ty Cổ phần Lilama 69-3,L63,UPCOM,2016-10-06,,0.0,,2020,11,24,501770000000.0
5416,3109,11.5,11.5,11.5,11.5,0,0.0,0.0,0,0,0,0.0,11.5,0.0,0,Công ty Cổ phần Lilama 69-3,L63,UPCOM,2016-10-06,,0.0,,2020,11,25,483760000000.0
5415,3109,11.5,11.5,11.5,11.5,0,0.0,0.0,0,0,0,0.0,11.5,0.0,0,Công ty Cổ phần Lilama 69-3,L63,UPCOM,2016-10-06,,0.0,,2020,11,26,469960000000.0
5414,3109,11.5,11.5,11.5,11.5,0,0.0,0.0,0,0,0,0.0,11.5,0.0,0,Công ty Cổ phần Lilama 69-3,L63,UPCOM,2016-10-06,,0.0,,2020,11,27,381477000000.0
5413,3109,11.5,11.5,11.5,11.5,0,0.0,0.0,0,0,0,0.0,11.5,0.0,0,Công ty Cổ phần Lilama 69-3,L63,UPCOM,2016-10-06,,0.0,,2020,11,30,383074000000.0
5412,3109,11.5,11.5,11.5,11.5,0,0.0,0.0,0,0,0,0.0,11.5,0.0,0,Công ty Cổ phần Lilama 69-3,L63,UPCOM,2016-10-06,,0.0,,2020,12,1,569252000000.0
5411,3109,11.5,11.5,11.5,11.5,0,0.0,0.0,0,0,0,0.0,11.5,0.0,0,Công ty Cổ phần Lilama 69-3,L63,UPCOM,2016-10-06,,0.0,,2020,12,2,518079000000.0
5410,3109,11.5,11.5,11.5,11.5,0,0.0,0.0,0,0,0,0.0,11.5,0.0,0,Công ty Cổ phần Lilama 69-3,L63,UPCOM,2016-10-06,,0.0,,2020,12,3,535982000000.0
5409,3109,11.5,11.5,11.5,11.5,0,0.0,0.0,0,0,0,0.0,11.5,0.0,0,Công ty Cổ phần Lilama 69-3,L63,UPCOM,2016-10-06,,0.0,,2020,12,4,585212000000.0
5408,3109,11.5,11.5,11.5,11.5,0,0.0,0.0,0,0,0,0.0,11.5,0.0,0,Công ty Cổ phần Lilama 69-3,L63,UPCOM,2016-10-06,,0.0,,2020,12,7,512722000000.0
5407,3109,11.5,11.5,11.5,11.5,0,0.0,0.0,0,0,0,0.0,11.5,0.0,0,Công ty Cổ phần Lilama 69-3,L63,UPCOM,2016-10-06,,0.0,,2020,12,8,503692000000.0
5406,3109,11.5,11.5,11.5,11.5,0,0.0,0.0,0,0,0,0.0,11.5,0.0,0,Công ty Cổ phần Lilama 69-3,L63,UPCOM,2016-10-06,,0.0,,2020,12,9,684614000000.0
5405,3109,9.8,9.8,9.8,9.8,1300,0.0,0.0,0,0,0,12740000.0,9.8,-1.7,0,Công ty Cổ phần Lilama 69-3,L63,UPCOM,2016-10-06,,0.0,,2020,12,10,685895000000.0
5404,3109,9.8,9.8,9.8,9.8,0,0.0,0.0,0,0,0,0.0,9.8,0.0,0,Công ty Cổ phần Lilama 69-3,L63,UPCOM,2016-10-06,,0.0,,2020,12,11,636738000000.0
5403,3109,9.8,9.8,9.8,9.8,0,0.0,0.0,0,0,0,0.0,9.8,0.0,0,Công ty Cổ phần Lilama 69-3,L63,UPCOM,2016-10-06,,0.0,,2020,12,14,1967170000000.0
5402,3109,9.8,9.8,9.8,9.8,0,0.0,0.0,0,0,0,0.0,9.8,0.0,0,Công ty Cổ phần Lilama 69-3,L63,UPCOM,2016-10-06,,0.0,,2020,12,15,710825000000.0
5401,3109,9.8,9.8,9.8,9.8,0,0.0,0.0,0,0,0,0.0,9.8,0.0,0,Công ty Cổ phần Lilama 69-3,L63,UPCOM,2016-10-06,,0.0,,2020,12,16,645948000000.0
5400,3109,9.8,9.8,9.8,9.8,0,0.0,0.0,0,0,0,0.0,9.8,0.0,0,Công ty Cổ phần Lilama 69-3,L63,UPCOM,2016-10-06,,0.0,,2020,12,17,711858000000.0
5399,3109,9.8,9.8,9.8,9.8,0,0.0,0.0,0,0,0,0.0,9.8,0.0,0,Công ty Cổ phần Lilama 69-3,L63,UPCOM,2016-10-06,,0.0,,2020,12,18,630125000000.0
5398,3109,9.8,9.8,9.8,9.8,0,0.0,0.0,0,0,0,0.0,9.8,0.0,0,Công ty Cổ phần Lilama 69-3,L63,UPCOM,2016-10-06,,0.0,,2020,12,21,782655000000.0
5397,3109,9.8,9.8,9.8,9.8,0,0.0,0.0,0,0,0,0.0,9.8,0.0,0,Công ty Cổ phần Lilama 69-3,L63,UPCOM,2016-10-06,,0.0,,2020,12,22,895468000000.0
5396,3109,9.8,9.8,9.8,9.8,0,0.0,0.0,0,0,0,0.0,9.8,0.0,0,Công ty Cổ phần Lilama 69-3,L63,UPCOM,2016-10-06,,0.0,,2020,12,23,917443000000.0
5395,3109,9.8,9.8,9.8,9.8,0,0.0,0.0,0,0,0,0.0,9.8,0.0,0,Công ty Cổ phần Lilama 69-3,L63,UPCOM,2016-10-06,,0.0,,2020,12,24,949790000000.0
5394,3109,9.8,9.8,9.8,9.8,0,0.0,0.0,0,0,0,0.0,9.8,0.0,0,Công ty Cổ phần Lilama 69-3,L63,UPCOM,2016-10-06,,0.0,,2020,12,25,699410000000.0
5393,3109,9.8,9.8,9.8,9.8,0,0.0,0.0,0,0,0,0.0,9.8,0.0,0,Công ty Cổ phần Lilama 69-3,L63,UPCOM,2016-10-06,,0.0,,2020,12,28,764011000000.0
5392,3109,9.8,9.8,9.8,9.8,0,0.0,0.0,0,0,0,0.0,9.8,0.0,0,Công ty Cổ phần Lilama 69-3,L63,UPCOM,2016-10-06,,0.0,,2020,12,29,790622000000.0
5391,3109,9.8,9.8,9.8,9.8,0,0.0,0.0,0,0,0,0.0,9.8,0.0,0,Công ty Cổ phần Lilama 69-3,L63,UPCOM,2016-10-06,,0.0,,2020,12,30,647033000000.0
5390,3109,9.8,9.8,9.8,9.8,0,0.0,0.0,0,0,0,0.0,9.8,0.0,0,Công ty Cổ phần Lilama 69-3,L63,UPCOM,2016-10-06,,0.0,,2020,12,31,460038000000.0
5389,3109,9.8,9.8,9.8,9.8,0,0.0,0.0,0,0,0,0.0,9.8,0.0,0,Công ty Cổ phần Lilama 69-3,L63,UPCOM,2016-10-06,,0.0,,2021,1,4,753311000000.0
session_id,stock_id,open_price,close_price,high_price,low_price,volume_detail,ceiling_price,floor_price,buy_volume,sell_volume,net_volume,matched_value,adjust_price,change_percent,outstanding_share,name,code,stock_space,join_date,leave_date,init_price,category,year,month,day_of_month,volume_session
5612,3109,8.0,8.0,8.0,8.0,0,0.0,0.0,0,0,0,0.0,8.0,0.0,0,Công ty Cổ phần Lilama 69-3,L63,UPCOM,2016-10-06,,0.0,,2020,2,17,143209000000.0
5611,3109,8.0,8.0,8.0,8.0,0,0.0,0.0,0,0,0,0.0,8.0,0.0,0,Công ty Cổ phần Lilama 69-3,L63,UPCOM,2016-10-06,,0.0,,2020,2,18,139038000000.0
5610,3109,8.0,8.0,8.0,8.0,0,0.0,0.0,0,0,0,0.0,8.0,0.0,0,Công ty Cổ phần Lilama 69-3,L63,UPCOM,2016-10-06,,0.0,,2020,2,19,164654000000.0
5609,3109,8.0,8.0,8.0,8.0,0,0.0,0.0,0,0,0,0.0,8.0,0.0,0,Công ty Cổ phần Lilama 69-3,L63,UPCOM,2016-10-06,,0.0,,2020,2,20,168293000000.0
5608,3109,8.0,8.0,8.0,8.0,0,0.0,0.0,0,0,0,0.0,8.0,0.0,0,Công ty Cổ phần Lilama 69-3,L63,UPCOM,2016-10-06,,0.0,,2020,2,21,219498000000.0
5607,3109,8.0,8.0,8.0,8.0,0,0.0,0.0,0,0,0,0.0,8.0,0.0,0,Công ty Cổ phần Lilama 69-3,L63,UPCOM,2016-10-06,,0.0,,2020,2,24,256999000000.0
5606,3109,8.0,7.9,8.0,7.9,18800,0.0,0.0,0,0,0,149900000.0,7.9,-0.1,0,Công ty Cổ phần Lilama 69-3,L63,UPCOM,2016-10-06,,0.0,,2020,2,25,167928000000.0
5605,3109,8.0,8.0,8.0,8.0,0,0.0,0.0,0,0,0,0.0,8.0,0.0,0,Công ty Cổ phần Lilama 69-3,L63,UPCOM,2016-10-06,,0.0,,2020,2,26,153811000000.0
5604,3109,8.0,8.0,8.0,8.0,0,0.0,0.0,0,0,0,0.0,8.0,0.0,0,Công ty Cổ phần Lilama 69-3,L63,UPCOM,2016-10-06,,0.0,,2020,2,27,137586000000.0
5603,3109,8.0,8.0,8.0,8.0,0,0.0,0.0,0,0,0,0.0,8.0,0.0,0,Công ty Cổ phần Lilama 69-3,L63,UPCOM,2016-10-06,,0.0,,2020,2,28,205270000000.0
5602,3109,6.8,6.8,6.8,6.8,100,0.0,0.0,0,0,0,680000.0,6.8,-1.2,0,Công ty Cổ phần Lilama 69-3,L63,UPCOM,2016-10-06,,0.0,,2020,3,2,215580000000.0
5601,3109,6.8,6.8,6.8,6.8,0,0.0,0.0,0,0,0,0.0,6.8,0.0,0,Công ty Cổ phần Lilama 69-3,L63,UPCOM,2016-10-06,,0.0,,2020,3,3,212950000000.0
5600,3109,6.8,6.8,6.8,6.8,0,0.0,0.0,0,0,0,0.0,6.8,0.0,0,Công ty Cổ phần Lilama 69-3,L63,UPCOM,2016-10-06,,0.0,,2020,3,5,224133000000.0
5599,3109,6.8,6.8,6.8,6.8,0,0.0,0.0,0,0,0,0.0,6.8,0.0,0,Công ty Cổ phần Lilama 69-3,L63,UPCOM,2016-10-06,,0.0,,2020,3,6,149039000000.0
5598,3109,7.8,7.8,7.8,7.8,5200,0.0,0.0,0,0,0,40560000.0,7.8,1.0,0,Công ty Cổ phần Lilama 69-3,L63,UPCOM,2016-10-06,,0.0,,2020,3,9,383298000000.0
5597,3109,7.8,7.8,7.8,7.8,0,0.0,0.0,0,0,0,0.0,7.8,0.0,0,Công ty Cổ phần Lilama 69-3,L63,UPCOM,2016-10-06,,0.0,,2020,3,10,231579000000.0
5595,3109,7.8,7.8,7.8,7.8,0,0.0,0.0,0,0,0,0.0,7.8,0.0,0,Công ty Cổ phần Lilama 69-3,L63,UPCOM,2016-10-06,,0.0,,2020,3,12,270283000000.0
5594,3109,7.8,7.8,7.8,7.8,0,0.0,0.0,0,0,0,0.0,7.8,0.0,0,Công ty Cổ phần Lilama 69-3,L63,UPCOM,2016-10-06,,0.0,,2020,3,13,270069000000.0
5593,3109,7.8,7.8,7.8,7.8,0,0.0,0.0,0,0,0,0.0,7.8,0.0,0,Công ty Cổ phần Lilama 69-3,L63,UPCOM,2016-10-06,,0.0,,2020,3,16,159537000000.0
5592,3109,7.8,7.8,7.8,7.8,0,0.0,0.0,0,0,0,0.0,7.8,0.0,0,Công ty Cổ phần Lilama 69-3,L63,UPCOM,2016-10-06,,0.0,,2020,3,17,163915000000.0
5591,3109,7.8,7.8,7.8,7.8,0,0.0,0.0,0,0,0,0.0,7.8,0.0,0,Công ty Cổ phần Lilama 69-3,L63,UPCOM,2016-10-06,,0.0,,2020,3,18,156465000000.0
5590,3109,7.8,7.8,7.8,7.8,0,0.0,0.0,0,0,0,0.0,7.8,0.0,0,Công ty Cổ phần Lilama 69-3,L63,UPCOM,2016-10-06,,0.0,,2020,3,19,124999000000.0
5589,3109,7.8,7.8,7.8,7.8,0,0.0,0.0,0,0,0,0.0,7.8,0.0,0,Công ty Cổ phần Lilama 69-3,L63,UPCOM,2016-10-06,,0.0,,2020,3,20,137743000000.0
5588,3109,7.8,7.8,7.8,7.8,0,0.0,0.0,0,0,0,0.0,7.8,0.0,0,Công ty Cổ phần Lilama 69-3,L63,UPCOM,2016-10-06,,0.0,,2020,3,23,269468000000.0
5587,3109,6.7,6.7,6.7,6.7,100,0.0,0.0,0,0,0,670000.0,6.7,-1.1,0,Công ty Cổ phần Lilama 69-3,L63,UPCOM,2016-10-06,,0.0,,2020,3,24,140172000000.0
5586,3109,5.7,5.7,5.7,5.7,100,0.0,0.0,0,0,0,570000.0,5.7,-1.0,0,Công ty Cổ phần Lilama 69-3,L63,UPCOM,2016-10-06,,0.0,,2020,3,25,160133000000.0
5585,3109,5.7,5.7,5.7,5.7,0,0.0,0.0,0,0,0,0.0,5.7,0.0,0,Công ty Cổ phần Lilama 69-3,L63,UPCOM,2016-10-06,,0.0,,2020,3,26,132078000000.0
5584,3109,5.7,5.7,5.7,5.7,0,0.0,0.0,0,0,0,0.0,5.7,0.0,0,Công ty Cổ phần Lilama 69-3,L63,UPCOM,2016-10-06,,0.0,,2020,3,27,96839800000.0
5583,3109,5.7,5.7,5.7,5.7,0,0.0,0.0,0,0,0,0.0,5.7,0.0,0,Công ty Cổ phần Lilama 69-3,L63,UPCOM,2016-10-06,,0.0,,2020,3,30,121029000000.0
5582,3109,5.7,5.7,5.7,5.7,0,0.0,0.0,0,0,0,0.0,5.7,0.0,0,Công ty Cổ phần Lilama 69-3,L63,UPCOM,2016-10-06,,0.0,,2020,3,31,112258000000.0
5581,3109,5.7,5.7,5.7,5.7,0,0.0,0.0,0,0,0,0.0,5.7,0.0,0,Công ty Cổ phần Lilama 69-3,L63,UPCOM,2016-10-06,,0.0,,2020,4,1,88518900000.0
5580,3109,5.7,5.7,5.7,5.7,0,0.0,0.0,0,0,0,0.0,5.7,0.0,0,Công ty Cổ phần Lilama 69-3,L63,UPCOM,2016-10-06,,0.0,,2020,4,3,163800000000.0
5579,3109,6.5,6.5,6.5,6.5,2000,0.0,0.0,0,0,0,13000000.0,6.5,0.8,0,Công ty Cổ phần Lilama 69-3,L63,UPCOM,2016-10-06,,0.0,,2020,4,6,225492000000.0
5578,3109,7.4,7.4,7.4,7.4,2000,0.0,0.0,0,0,0,14800000.0,7.4,0.9,0,Công ty Cổ phần Lilama 69-3,L63,UPCOM,2016-10-06,,0.0,,2020,4,7,179903000000.0
5577,3109,7.0,7.0,7.0,7.0,1000,0.0,0.0,0,0,0,7000000.0,7.0,-0.4,0,Công ty Cổ phần Lilama 69-3,L63,UPCOM,2016-10-06,,0.0,,2020,4,8,134337000000.0
5576,3109,7.5,7.5,7.5,7.5,5000,0.0,0.0,0,0,0,37500000.0,7.5,0.5,0,Công ty Cổ phần Lilama 69-3,L63,UPCOM,2016-10-06,,0.0,,2020,4,9,211044000000.0
5575,3109,7.5,7.5,7.5,7.5,0,0.0,0.0,0,0,0,0.0,7.5,0.0,0,Công ty Cổ phần Lilama 69-3,L63,UPCOM,2016-10-06,,0.0,,2020,4,10,177127000000.0
5574,3109,7.5,7.5,7.5,7.5,5000,0.0,0.0,0,0,0,37500000.0,7.5,0.0,0,Công ty Cổ phần Lilama 69-3,L63,UPCOM,2016-10-06,,0.0,,2020,4,13,166535000000.0
5573,3109,7.5,7.5,7.5,7.5,800,0.0,0.0,0,0,0,6000000.0,7.5,0.0,0,Công ty Cổ phần Lilama 69-3,L63,UPCOM,2016-10-06,,0.0,,2020,4,14,225145000000.0
5572,3109,7.5,7.5,7.5,7.5,0,0.0,0.0,0,0,0,0.0,7.5,0.0,0,Công ty Cổ phần Lilama 69-3,L63,UPCOM,2016-10-06,,0.0,,2020,4,15,256499000000.0
5571,3109,7.5,7.5,7.5,7.5,0,0.0,0.0,0,0,0,0.0,7.5,0.0,0,Công ty Cổ phần Lilama 69-3,L63,UPCOM,2016-10-06,,0.0,,2020,4,16,195576000000.0
5570,3109,7.5,7.5,7.5,7.5,0,0.0,0.0,0,0,0,0.0,7.5,0.0,0,Công ty Cổ phần Lilama 69-3,L63,UPCOM,2016-10-06,,0.0,,2020,4,17,321156000000.0
5569,3109,7.5,7.5,7.5,7.5,0,0.0,0.0,0,0,0,0.0,7.5,0.0,0,Công ty Cổ phần Lilama 69-3,L63,UPCOM,2016-10-06,,0.0,,2020,4,20,320937000000.0
5568,3109,7.5,7.5,7.5,7.5,0,0.0,0.0,0,0,0,0.0,7.5,0.0,0,Công ty Cổ phần Lilama 69-3,L63,UPCOM,2016-10-06,,0.0,,2020,4,21,301792000000.0
5567,3109,7.5,7.5,7.5,7.5,0,0.0,0.0,0,0,0,0.0,7.5,0.0,0,Công ty Cổ phần Lilama 69-3,L63,UPCOM,2016-10-06,,0.0,,2020,4,22,197775000000.0
5566,3109,7.5,7.5,7.5,7.5,0,0.0,0.0,0,0,0,0.0,7.5,0.0,0,Công ty Cổ phần Lilama 69-3,L63,UPCOM,2016-10-06,,0.0,,2020,4,23,170335000000.0
5565,3109,7.5,7.5,7.5,7.5,0,0.0,0.0,0,0,0,0.0,7.5,0.0,0,Công ty Cổ phần Lilama 69-3,L63,UPCOM,2016-10-06,,0.0,,2020,4,24,184900000000.0
5564,3109,7.5,7.5,7.5,7.5,0,0.0,0.0,0,0,0,0.0,7.5,0.0,0,Công ty Cổ phần Lilama 69-3,L63,UPCOM,2016-10-06,,0.0,,2020,4,27,183836000000.0
5563,3109,7.5,7.5,7.5,7.5,0,0.0,0.0,0,0,0,0.0,7.5,0.0,0,Công ty Cổ phần Lilama 69-3,L63,UPCOM,2016-10-06,,0.0,,2020,4,28,157131000000.0
5562,3109,7.5,7.5,7.5,7.5,0,0.0,0.0,0,0,0,0.0,7.5,0.0,0,Công ty Cổ phần Lilama 69-3,L63,UPCOM,2016-10-06,,0.0,,2020,4,29,168139000000.0
5561,3109,7.5,7.5,7.5,7.5,0,0.0,0.0,0,0,0,0.0,7.5,0.0,0,Công ty Cổ phần Lilama 69-3,L63,UPCOM,2016-10-06,,0.0,,2020,5,4,142671000000.0
5560,3109,7.5,7.5,7.5,7.5,0,0.0,0.0,0,0,0,0.0,7.5,0.0,0,Công ty Cổ phần Lilama 69-3,L63,UPCOM,2016-10-06,,0.0,,2020,5,5,119957000000.0
5559,3109,7.5,7.5,7.5,7.5,0,0.0,0.0,0,0,0,0.0,7.5,0.0,0,Công ty Cổ phần Lilama 69-3,L63,UPCOM,2016-10-06,,0.0,,2020,5,6,197563000000.0
5558,3109,7.5,7.5,7.5,7.5,0,0.0,0.0,0,0,0,0.0,7.5,0.0,0,Công ty Cổ phần Lilama 69-3,L63,UPCOM,2016-10-06,,0.0,,2020,5,7,213543000000.0
5557,3109,7.5,7.5,7.5,7.5,0,0.0,0.0,0,0,0,0.0,7.5,0.0,0,Công ty Cổ phần Lilama 69-3,L63,UPCOM,2016-10-06,,0.0,,2020,5,8,325625000000.0
5556,3109,7.5,7.5,7.5,7.5,0,0.0,0.0,0,0,0,0.0,7.5,0.0,0,Công ty Cổ phần Lilama 69-3,L63,UPCOM,2016-10-06,,0.0,,2020,5,11,311149000000.0
5555,3109,7.5,7.5,7.5,7.5,0,0.0,0.0,0,0,0,0.0,7.5,0.0,0,Công ty Cổ phần Lilama 69-3,L63,UPCOM,2016-10-06,,0.0,,2020,5,12,254194000000.0
5554,3109,7.5,7.5,7.5,7.5,0,0.0,0.0,0,0,0,0.0,7.5,0.0,0,Công ty Cổ phần Lilama 69-3,L63,UPCOM,2016-10-06,,0.0,,2020,5,14,297707000000.0
5553,3109,7.5,7.5,7.5,7.5,0,0.0,0.0,0,0,0,0.0,7.5,0.0,0,Công ty Cổ phần Lilama 69-3,L63,UPCOM,2016-10-06,,0.0,,2020,5,15,247056000000.0
5552,3109,7.5,7.5,7.5,7.5,0,0.0,0.0,0,0,0,0.0,7.5,0.0,0,Công ty Cổ phần Lilama 69-3,L63,UPCOM,2016-10-06,,0.0,,2020,5,18,215456000000.0
5551,3109,7.5,7.5,7.5,7.5,0,0.0,0.0,0,0,0,0.0,7.5,0.0,0,Công ty Cổ phần Lilama 69-3,L63,UPCOM,2016-10-06,,0.0,,2020,5,19,318559000000.0
5550,3109,7.5,7.5,7.5,7.5,0,0.0,0.0,0,0,0,0.0,7.5,0.0,0,Công ty Cổ phần Lilama 69-3,L63,UPCOM,2016-10-06,,0.0,,2020,5,20,276005000000.0
5549,3109,7.5,7.5,7.5,7.5,0,0.0,0.0,0,0,0,0.0,7.5,0.0,0,Công ty Cổ phần Lilama 69-3,L63,UPCOM,2016-10-06,,0.0,,2020,5,21,215509000000.0
5548,3109,7.5,7.5,7.5,7.5,0,0.0,0.0,0,0,0,0.0,7.5,0.0,0,Công ty Cổ phần Lilama 69-3,L63,UPCOM,2016-10-06,,0.0,,2020,5,22,279507000000.0
5547,3109,7.5,7.5,7.5,7.5,0,0.0,0.0,0,0,0,0.0,7.5,0.0,0,Công ty Cổ phần Lilama 69-3,L63,UPCOM,2016-10-06,,0.0,,2020,5,25,257470000000.0
5546,3109,7.5,7.5,7.5,7.5,0,0.0,0.0,0,0,0,0.0,7.5,0.0,0,Công ty Cổ phần Lilama 69-3,L63,UPCOM,2016-10-06,,0.0,,2020,5,26,264898000000.0
5545,3109,7.5,7.5,7.5,7.5,0,0.0,0.0,0,0,0,0.0,7.5,0.0,0,Công ty Cổ phần Lilama 69-3,L63,UPCOM,2016-10-06,,0.0,,2020,5,27,329407000000.0
5544,3109,7.5,7.5,7.5,7.5,0,0.0,0.0,0,0,0,0.0,7.5,0.0,0,Công ty Cổ phần Lilama 69-3,L63,UPCOM,2016-10-06,,0.0,,2020,5,28,194349000000.0
5543,3109,7.5,7.5,7.5,7.5,0,0.0,0.0,0,0,0,0.0,7.5,0.0,0,Công ty Cổ phần Lilama 69-3,L63,UPCOM,2016-10-06,,0.0,,2020,5,29,272664000000.0
5542,3109,7.5,7.5,7.5,7.5,0,0.0,0.0,0,0,0,0.0,7.5,0.0,0,Công ty Cổ phần Lilama 69-3,L63,UPCOM,2016-10-06,,0.0,,2020,6,1,343153000000.0
5541,3109,7.5,7.5,7.5,7.5,0,0.0,0.0,0,0,0,0.0,7.5,0.0,0,Công ty Cổ phần Lilama 69-3,L63,UPCOM,2016-10-06,,0.0,,2020,6,2,496066000000.0
5540,3109,7.5,7.5,7.5,7.5,0,0.0,0.0,0,0,0,0.0,7.5,0.0,0,Công ty Cổ phần Lilama 69-3,L63,UPCOM,2016-10-06,,0.0,,2020,6,3,385259000000.0
5539,3109,7.5,7.5,7.5,7.5,0,0.0,0.0,0,0,0,0.0,7.5,0.0,0,Công ty Cổ phần Lilama 69-3,L63,UPCOM,2016-10-06,,0.0,,2020,6,4,799036000000.0
5538,3109,7.5,7.5,7.5,7.5,0,0.0,0.0,0,0,0,0.0,7.5,0.0,0,Công ty Cổ phần Lilama 69-3,L63,UPCOM,2016-10-06,,0.0,,2020,6,5,506407000000.0
5537,3109,7.5,7.5,7.5,7.5,0,0.0,0.0,0,0,0,0.0,7.5,0.0,0,Công ty Cổ phần Lilama 69-3,L63,UPCOM,2016-10-06,,0.0,,2020,6,8,523530000000.0
5536,3109,7.5,7.5,7.5,7.5,0,0.0,0.0,0,0,0,0.0,7.5,0.0,0,Công ty Cổ phần Lilama 69-3,L63,UPCOM,2016-10-06,,0.0,,2020,6,9,448218000000.0
5535,3109,7.5,7.5,7.5,7.5,0,0.0,0.0,0,0,0,0.0,7.5,0.0,0,Công ty Cổ phần Lilama 69-3,L63,UPCOM,2016-10-06,,0.0,,2020,6,10,435653000000.0
5534,3109,7.5,7.5,7.5,7.5,0,0.0,0.0,0,0,0,0.0,7.5,0.0,0,Công ty Cổ phần Lilama 69-3,L63,UPCOM,2016-10-06,,0.0,,2020,6,11,623710000000.0
5533,3109,7.5,7.5,7.5,7.5,0,0.0,0.0,0,0,0,0.0,7.5,0.0,0,Công ty Cổ phần Lilama 69-3,L63,UPCOM,2016-10-06,,0.0,,2020,6,12,365549000000.0
5532,3109,7.5,7.5,7.5,7.5,0,0.0,0.0,0,0,0,0.0,7.5,0.0,0,Công ty Cổ phần Lilama 69-3,L63,UPCOM,2016-10-06,,0.0,,2020,6,15,362902000000.0
5531,3109,7.5,7.5,7.5,7.5,0,0.0,0.0,0,0,0,0.0,7.5,0.0,0,Công ty Cổ phần Lilama 69-3,L63,UPCOM,2016-10-06,,0.0,,2020,6,16,251666000000.0
5530,3109,7.5,7.5,7.5,7.5,0,0.0,0.0,0,0,0,0.0,7.5,0.0,0,Công ty Cổ phần Lilama 69-3,L63,UPCOM,2016-10-06,,0.0,,2020,6,17,176720000000.0
5529,3109,7.5,7.5,7.5,7.5,0,0.0,0.0,0,0,0,0.0,7.5,0.0,0,Công ty Cổ phần Lilama 69-3,L63,UPCOM,2016-10-06,,0.0,,2020,6,18,143975000000.0
5528,3109,7.5,7.5,7.5,7.5,0,0.0,0.0,0,0,0,0.0,7.5,0.0,0,Công ty Cổ phần Lilama 69-3,L63,UPCOM,2016-10-06,,0.0,,2020,6,19,312018000000.0
5527,3109,7.5,7.5,7.5,7.5,0,0.0,0.0,0,0,0,0.0,7.5,0.0,0,Công ty Cổ phần Lilama 69-3,L63,UPCOM,2016-10-06,,0.0,,2020,6,22,266478000000.0
5526,3109,7.5,7.5,7.5,7.5,0,0.0,0.0,0,0,0,0.0,7.5,0.0,0,Công ty Cổ phần Lilama 69-3,L63,UPCOM,2016-10-06,,0.0,,2020,6,23,257806000000.0
5525,3109,7.5,7.5,7.5,7.5,0,0.0,0.0,0,0,0,0.0,7.5,0.0,0,Công ty Cổ phần Lilama 69-3,L63,UPCOM,2016-10-06,,0.0,,2020,6,24,260693000000.0
5524,3109,7.5,7.5,7.5,7.5,0,0.0,0.0,0,0,0,0.0,7.5,0.0,0,Công ty Cổ phần Lilama 69-3,L63,UPCOM,2016-10-06,,0.0,,2020,6,25,171682000000.0
5523,3109,7.5,7.5,7.5,7.5,0,0.0,0.0,0,0,0,0.0,7.5,0.0,0,Công ty Cổ phần Lilama 69-3,L63,UPCOM,2016-10-06,,0.0,,2020,6,26,211404000000.0
5522,3109,7.5,7.5,7.5,7.5,0,0.0,0.0,0,0,0,0.0,7.5,0.0,0,Công ty Cổ phần Lilama 69-3,L63,UPCOM,2016-10-06,,0.0,,2020,6,29,272580000000.0
5521,3109,7.5,7.5,7.5,7.5,0,0.0,0.0,0,0,0,0.0,7.5,0.0,0,Công ty Cổ phần Lilama 69-3,L63,UPCOM,2016-10-06,,0.0,,2020,6,30,193644000000.0
5520,3109,7.5,7.5,7.5,7.5,0,0.0,0.0,0,0,0,0.0,7.5,0.0,0,Công ty Cổ phần Lilama 69-3,L63,UPCOM,2016-10-06,,0.0,,2020,7,1,211209000000.0
5519,3109,7.5,7.5,7.5,7.5,0,0.0,0.0,0,0,0,0.0,7.5,0.0,0,Công ty Cổ phần Lilama 69-3,L63,UPCOM,2016-10-06,,0.0,,2020,7,2,156418000000.0
5518,3109,7.5,7.5,7.5,7.5,0,0.0,0.0,0,0,0,0.0,7.5,0.0,0,Công ty Cổ phần Lilama 69-3,L63,UPCOM,2016-10-06,,0.0,,2020,7,3,123492000000.0
5517,3109,7.5,7.5,7.5,7.5,0,0.0,0.0,0,0,0,0.0,7.5,0.0,0,Công ty Cổ phần Lilama 69-3,L63,UPCOM,2016-10-06,,0.0,,2020,7,6,181343000000.0
5516,3109,7.5,7.5,7.5,7.5,0,0.0,0.0,0,0,0,0.0,7.5,0.0,0,Công ty Cổ phần Lilama 69-3,L63,UPCOM,2016-10-06,,0.0,,2020,7,7,174444000000.0
5515,3109,7.5,7.5,7.5,7.5,0,0.0,0.0,0,0,0,0.0,7.5,0.0,0,Công ty Cổ phần Lilama 69-3,L63,UPCOM,2016-10-06,,0.0,,2020,7,8,208074000000.0
5514,3109,7.5,7.5,7.5,7.5,0,0.0,0.0,0,0,0,0.0,7.5,0.0,0,Công ty Cổ phần Lilama 69-3,L63,UPCOM,2016-10-06,,0.0,,2020,7,9,292168000000.0
5513,3109,7.5,7.5,7.5,7.5,0,0.0,0.0,0,0,0,0.0,7.5,0.0,0,Công ty Cổ phần Lilama 69-3,L63,UPCOM,2016-10-06,,0.0,,2020,7,10,227505000000.0
5512,3109,7.5,7.5,7.5,7.5,0,0.0,0.0,0,0,0,0.0,7.5,0.0,0,Công ty Cổ phần Lilama 69-3,L63,UPCOM,2016-10-06,,0.0,,2020,7,13,184053000000.0
5511,3109,7.5,7.5,7.5,7.5,0,0.0,0.0,0,0,0,0.0,7.5,0.0,0,Công ty Cổ phần Lilama 69-3,L63,UPCOM,2016-10-06,,0.0,,2020,7,14,182104000000.0
5510,3109,7.5,7.5,7.5,7.5,0,0.0,0.0,0,0,0,0.0,7.5,0.0,0,Công ty Cổ phần Lilama 69-3,L63,UPCOM,2016-10-06,,0.0,,2020,7,15,192932000000.0
5509,3109,7.5,7.5,7.5,7.5,0,0.0,0.0,0,0,0,0.0,7.5,0.0,0,Công ty Cổ phần Lilama 69-3,L63,UPCOM,2016-10-06,,0.0,,2020,7,16,158959000000.0
5508,3109,7.5,7.5,7.5,7.5,0,0.0,0.0,0,0,0,0.0,7.5,0.0,0,Công ty Cổ phần Lilama 69-3,L63,UPCOM,2016-10-06,,0.0,,2020,7,17,266052000000.0
5507,3109,7.5,7.5,7.5,7.5,0,0.0,0.0,0,0,0,0.0,7.5,0.0,0,Công ty Cổ phần Lilama 69-3,L63,UPCOM,2016-10-06,,0.0,,2020,7,20,199718000000.0
5506,3109,7.5,7.5,7.5,7.5,0,0.0,0.0,0,0,0,0.0,7.5,0.0,0,Công ty Cổ phần Lilama 69-3,L63,UPCOM,2016-10-06,,0.0,,2020,7,21,205355000000.0
5505,3109,7.5,7.5,7.5,7.5,0,0.0,0.0,0,0,0,0.0,7.5,0.0,0,Công ty Cổ phần Lilama 69-3,L63,UPCOM,2016-10-06,,0.0,,2020,7,22,330872000000.0
5504,3109,7.5,7.5,7.5,7.5,0,0.0,0.0,0,0,0,0.0,7.5,0.0,0,Công ty Cổ phần Lilama 69-3,L63,UPCOM,2016-10-06,,0.0,,2020,7,23,187719000000.0
5503,3109,7.5,7.5,7.5,7.5,0,0.0,0.0,0,0,0,0.0,7.5,0.0,0,Công ty Cổ phần Lilama 69-3,L63,UPCOM,2016-10-06,,0.0,,2020,7,24,412958000000.0
5502,3109,7.5,7.5,7.5,7.5,0,0.0,0.0,0,0,0,0.0,7.5,0.0,0,Công ty Cổ phần Lilama 69-3,L63,UPCOM,2016-10-06,,0.0,,2020,7,27,515240000000.0
5501,3109,7.5,7.5,7.5,7.5,0,0.0,0.0,0,0,0,0.0,7.5,0.0,0,Công ty Cổ phần Lilama 69-3,L63,UPCOM,2016-10-06,,0.0,,2020,7,28,264737000000.0
session_id,stock_id,open_price,close_price,high_price,low_price,volume_detail,ceiling_price,floor_price,buy_volume,sell_volume,net_volume,matched_value,adjust_price,change_percent,outstanding_share,name,code,stock_space,join_date,leave_date,init_price,category,year,month,day_of_month,volume_session
5725,3109,8.0,8.0,8.0,8.0,0,0.0,0.0,0,0,0,0.0,8.0,0.0,0,Công ty Cổ phần Lilama 69-3,L63,UPCOM,2016-10-06,,0.0,,2019,9,3,246496000000.0
5724,3109,8.0,8.0,8.0,8.0,0,0.0,0.0,0,0,0,0.0,8.0,0.0,0,Công ty Cổ phần Lilama 69-3,L63,UPCOM,2016-10-06,,0.0,,2019,9,4,234912000000.0
5723,3109,8.0,8.0,8.0,8.0,0,0.0,0.0,0,0,0,0.0,8.0,0.0,0,Công ty Cổ phần Lilama 69-3,L63,UPCOM,2016-10-06,,0.0,,2019,9,5,171111000000.0
5722,3109,8.0,8.0,8.0,8.0,0,0.0,0.0,0,0,0,0.0,8.0,0.0,0,Công ty Cổ phần Lilama 69-3,L63,UPCOM,2016-10-06,,0.0,,2019,9,6,175185000000.0
5721,3109,8.0,8.0,8.0,8.0,3700,0.0,0.0,0,0,0,29600000.0,8.0,0.0,0,Công ty Cổ phần Lilama 69-3,L63,UPCOM,2016-10-06,,0.0,,2019,9,9,185569000000.0
5720,3109,8.0,8.0,8.0,8.0,0,0.0,0.0,0,0,0,0.0,8.0,0.0,0,Công ty Cổ phần Lilama 69-3,L63,UPCOM,2016-10-06,,0.0,,2019,9,10,280748000000.0
5719,3109,8.0,8.0,8.0,8.0,0,0.0,0.0,0,0,0,0.0,8.0,0.0,0,Công ty Cổ phần Lilama 69-3,L63,UPCOM,2016-10-06,,0.0,,2019,9,11,171227000000.0
5718,3109,8.0,8.0,8.0,8.0,0,0.0,0.0,0,0,0,0.0,8.0,0.0,0,Công ty Cổ phần Lilama 69-3,L63,UPCOM,2016-10-06,,0.0,,2019,9,12,148822000000.0
5717,3109,8.0,8.0,8.0,8.0,0,0.0,0.0,0,0,0,0.0,8.0,0.0,0,Công ty Cổ phần Lilama 69-3,L63,UPCOM,2016-10-06,,0.0,,2019,9,13,157506000000.0
5716,3109,8.0,8.0,8.0,8.0,0,0.0,0.0,0,0,0,0.0,8.0,0.0,0,Công ty Cổ phần Lilama 69-3,L63,UPCOM,2016-10-06,,0.0,,2019,9,16,181361000000.0
5715,3109,8.0,8.0,8.0,8.0,0,0.0,0.0,0,0,0,0.0,8.0,0.0,0,Công ty Cổ phần Lilama 69-3,L63,UPCOM,2016-10-06,,0.0,,2019,9,17,150281000000.0
5714,3109,8.0,8.0,8.0,8.0,0,0.0,0.0,0,0,0,0.0,8.0,0.0,0,Công ty Cổ phần Lilama 69-3,L63,UPCOM,2016-10-06,,0.0,,2019,9,18,178523000000.0
5713,3109,8.0,8.0,8.0,8.0,0,0.0,0.0,0,0,0,0.0,8.0,0.0,0,Công ty Cổ phần Lilama 69-3,L63,UPCOM,2016-10-06,,0.0,,2019,9,19,155752000000.0
5712,3109,8.0,8.0,8.0,8.0,0,0.0,0.0,0,0,0,0.0,8.0,0.0,0,Công ty Cổ phần Lilama 69-3,L63,UPCOM,2016-10-06,,0.0,,2019,9,20,137939000000.0
5711,3109,8.0,8.0,8.0,8.0,0,0.0,0.0,0,0,0,0.0,8.0,0.0,0,Công ty Cổ phần Lilama 69-3,L63,UPCOM,2016-10-06,,0.0,,2019,9,23,152972000000.0
5710,3109,8.0,8.0,8.0,8.0,0,0.0,0.0,0,0,0,0.0,8.0,0.0,0,Công ty Cổ phần Lilama 69-3,L63,UPCOM,2016-10-06,,0.0,,2019,9,24,162837000000.0
5709,3109,8.0,8.0,8.0,8.0,0,0.0,0.0,0,0,0,0.0,8.0,0.0,0,Công ty Cổ phần Lilama 69-3,L63,UPCOM,2016-10-06,,0.0,,2019,9,25,130739000000.0
5708,3109,8.0,8.0,8.0,8.0,0,0.0,0.0,0,0,0,0.0,8.0,0.0,0,Công ty Cổ phần Lilama 69-3,L63,UPCOM,2016-10-06,,0.0,,2019,9,26,204265000000.0
5707,3109,8.0,8.0,8.0,8.0,0,0.0,0.0,0,0,0,0.0,8.0,0.0,0,Công ty Cổ phần Lilama 69-3,L63,UPCOM,2016-10-06,,0.0,,2019,9,27,152734000000.0
5706,3109,8.0,8.0,8.0,8.0,0,0.0,0.0,0,0,0,0.0,8.0,0.0,0,Công ty Cổ phần Lilama 69-3,L63,UPCOM,2016-10-06,,0.0,,2019,9,30,206491000000.0
5705,3109,8.0,8.0,8.0,8.0,0,0.0,0.0,0,0,0,0.0,8.0,0.0,0,Công ty Cổ phần Lilama 69-3,L63,UPCOM,2016-10-06,,0.0,,2019,10,1,197448000000.0
5704,3109,8.0,8.0,8.0,8.0,0,0.0,0.0,0,0,0,0.0,8.0,0.0,0,Công ty Cổ phần Lilama 69-3,L63,UPCOM,2016-10-06,,0.0,,2019,10,2,211615000000.0
5703,3109,8.0,8.0,8.0,8.0,0,0.0,0.0,0,0,0,0.0,8.0,0.0,0,Công ty Cổ phần Lilama 69-3,L63,UPCOM,2016-10-06,,0.0,,2019,10,3,159205000000.0
5702,3109,8.0,8.0,8.0,8.0,0,0.0,0.0,0,0,0,0.0,8.0,0.0,0,Công ty Cổ phần Lilama 69-3,L63,UPCOM,2016-10-06,,0.0,,2019,10,4,141785000000.0
5701,3109,8.0,8.0,8.0,8.0,0,0.0,0.0,0,0,0,0.0,8.0,0.0,0,Công ty Cổ phần Lilama 69-3,L63,UPCOM,2016-10-06,,0.0,,2019,10,7,132394000000.0
5700,3109,8.0,8.0,8.0,8.0,0,0.0,0.0,0,0,0,0.0,8.0,0.0,0,Công ty Cổ phần Lilama 69-3,L63,UPCOM,2016-10-06,,0.0,,2019,10,8,170156000000.0
5699,3109,8.0,8.0,8.0,8.0,0,0.0,0.0,0,0,0,0.0,8.0,0.0,0,Công ty Cổ phần Lilama 69-3,L63,UPCOM,2016-10-06,,0.0,,2019,10,9,204657000000.0
5698,3109,8.0,8.0,8.0,8.0,0,0.0,0.0,0,0,0,0.0,8.0,0.0,0,Công ty Cổ phần Lilama 69-3,L63,UPCOM,2016-10-06,,0.0,,2019,10,10,140002000000.0
5697,3109,8.0,8.0,8.0,8.0,0,0.0,0.0,0,0,0,0.0,8.0,0.0,0,Công ty Cổ phần Lilama 69-3,L63,UPCOM,2016-10-06,,0.0,,2019,10,11,160410000000.0
5696,3109,8.0,8.0,8.0,8.0,0,0.0,0.0,0,0,0,0.0,8.0,0.0,0,Công ty Cổ phần Lilama 69-3,L63,UPCOM,2016-10-06,,0.0,,2019,10,14,216967000000.0
5695,3109,8.0,8.0,8.0,8.0,0,0.0,0.0,0,0,0,0.0,8.0,0.0,0,Công ty Cổ phần Lilama 69-3,L63,UPCOM,2016-10-06,,0.0,,2019,10,15,202960000000.0
5694,3109,8.0,8.0,8.0,8.0,0,0.0,0.0,0,0,0,0.0,8.0,0.0,0,Công ty Cổ phần Lilama 69-3,L63,UPCOM,2016-10-06,,0.0,,2019,10,16,256226000000.0
5693,3109,8.0,8.0,8.0,8.0,0,0.0,0.0,0,0,0,0.0,8.0,0.0,0,Công ty Cổ phần Lilama 69-3,L63,UPCOM,2016-10-06,,0.0,,2019,10,17,157953000000.0
5692,3109,8.0,8.0,8.0,8.0,0,0.0,0.0,0,0,0,0.0,8.0,0.0,0,Công ty Cổ phần Lilama 69-3,L63,UPCOM,2016-10-06,,0.0,,2019,10,18,121201000000.0
5691,3109,8.0,8.0,8.0,8.0,0,0.0,0.0,0,0,0,0.0,8.0,0.0,0,Công ty Cổ phần Lilama 69-3,L63,UPCOM,2016-10-06,,0.0,,2019,10,21,166615000000.0
5690,3109,8.0,8.0,8.0,8.0,0,0.0,0.0,0,0,0,0.0,8.0,0.0,0,Công ty Cổ phần Lilama 69-3,L63,UPCOM,2016-10-06,,0.0,,2019,10,22,139541000000.0
5689,3109,8.0,8.0,8.0,8.0,0,0.0,0.0,0,0,0,0.0,8.0,0.0,0,Công ty Cổ phần Lilama 69-3,L63,UPCOM,2016-10-06,,0.0,,2019,10,23,137146000000.0
5688,3109,8.0,8.0,8.0,8.0,0,0.0,0.0,0,0,0,0.0,8.0,0.0,0,Công ty Cổ phần Lilama 69-3,L63,UPCOM,2016-10-06,,0.0,,2019,10,24,179847000000.0
5687,3109,8.0,8.0,8.0,8.0,0,0.0,0.0,0,0,0,0.0,8.0,0.0,0,Công ty Cổ phần Lilama 69-3,L63,UPCOM,2016-10-06,,0.0,,2019,10,25,202300000000.0
5686,3109,8.0,8.0,8.0,8.0,0,0.0,0.0,0,0,0,0.0,8.0,0.0,0,Công ty Cổ phần Lilama 69-3,L63,UPCOM,2016-10-06,,0.0,,2019,10,28,127836000000.0
5685,3109,8.0,8.0,8.0,8.0,0,0.0,0.0,0,0,0,0.0,8.0,0.0,0,Công ty Cổ phần Lilama 69-3,L63,UPCOM,2016-10-06,,0.0,,2019,10,29,134546000000.0
5684,3109,8.0,8.0,8.0,8.0,0,0.0,0.0,0,0,0,0.0,8.0,0.0,0,Công ty Cổ phần Lilama 69-3,L63,UPCOM,2016-10-06,,0.0,,2019,10,30,170030000000.0
5683,3109,8.0,8.0,8.0,8.0,0,0.0,0.0,0,0,0,0.0,8.0,0.0,0,Công ty Cổ phần Lilama 69-3,L63,UPCOM,2016-10-06,,0.0,,2019,10,31,212540000000.0
5682,3109,8.0,8.0,8.0,8.0,0,0.0,0.0,0,0,0,0.0,8.0,0.0,0,Công ty Cổ phần Lilama 69-3,L63,UPCOM,2016-10-06,,0.0,,2019,11,1,135879000000.0
5681,3109,8.0,8.0,8.0,8.0,0,0.0,0.0,0,0,0,0.0,8.0,0.0,0,Công ty Cổ phần Lilama 69-3,L63,UPCOM,2016-10-06,,0.0,,2019,11,4,195811000000.0
5680,3109,8.0,8.0,8.0,8.0,0,0.0,0.0,0,0,0,0.0,8.0,0.0,0,Công ty Cổ phần Lilama 69-3,L63,UPCOM,2016-10-06,,0.0,,2019,11,5,157727000000.0
5679,3109,8.0,8.0,8.0,8.0,0,0.0,0.0,0,0,0,0.0,8.0,0.0,0,Công ty Cổ phần Lilama 69-3,L63,UPCOM,2016-10-06,,0.0,,2019,11,6,170441000000.0
5678,3109,8.0,8.0,8.0,8.0,0,0.0,0.0,0,0,0,0.0,8.0,0.0,0,Công ty Cổ phần Lilama 69-3,L63,UPCOM,2016-10-06,,0.0,,2019,11,7,145030000000.0
5677,3109,8.0,8.0,8.0,8.0,0,0.0,0.0,0,0,0,0.0,8.0,0.0,0,Công ty Cổ phần Lilama 69-3,L63,UPCOM,2016-10-06,,0.0,,2019,11,8,114161000000.0
5676,3109,8.0,8.0,8.0,8.0,0,0.0,0.0,0,0,0,0.0,8.0,0.0,0,Công ty Cổ phần Lilama 69-3,L63,UPCOM,2016-10-06,,0.0,,2019,11,11,123227000000.0
5675,3109,8.0,8.0,8.0,8.0,0,0.0,0.0,0,0,0,0.0,8.0,0.0,0,Công ty Cổ phần Lilama 69-3,L63,UPCOM,2016-10-06,,0.0,,2019,11,12,143602000000.0
5674,3109,8.0,8.0,8.0,8.0,0,0.0,0.0,0,0,0,0.0,8.0,0.0,0,Công ty Cổ phần Lilama 69-3,L63,UPCOM,2016-10-06,,0.0,,2019,11,13,137413000000.0
5673,3109,8.0,8.0,8.0,8.0,0,0.0,0.0,0,0,0,0.0,8.0,0.0,0,Công ty Cổ phần Lilama 69-3,L63,UPCOM,2016-10-06,,0.0,,2019,11,14,169634000000.0
5672,3109,8.0,8.0,8.0,8.0,0,0.0,0.0,0,0,0,0.0,8.0,0.0,0,Công ty Cổ phần Lilama 69-3,L63,UPCOM,2016-10-06,,0.0,,2019,11,15,147513000000.0
5671,3109,8.0,8.0,8.0,8.0,0,0.0,0.0,0,0,0,0.0,8.0,0.0,0,Công ty Cổ phần Lilama 69-3,L63,UPCOM,2016-10-06,,0.0,,2019,11,18,120628000000.0
5670,3109,8.0,8.0,8.0,8.0,0,0.0,0.0,0,0,0,0.0,8.0,0.0,0,Công ty Cổ phần Lilama 69-3,L63,UPCOM,2016-10-06,,0.0,,2019,11,19,125441000000.0
5669,3109,8.0,8.0,8.0,8.0,0,0.0,0.0,0,0,0,0.0,8.0,0.0,0,Công ty Cổ phần Lilama 69-3,L63,UPCOM,2016-10-06,,0.0,,2019,11,20,103856000000.0
5668,3109,8.0,8.0,8.0,8.0,0,0.0,0.0,0,0,0,0.0,8.0,0.0,0,Công ty Cổ phần Lilama 69-3,L63,UPCOM,2016-10-06,,0.0,,2019,11,21,114300000000.0
5667,3109,8.0,8.0,8.0,8.0,0,0.0,0.0,0,0,0,0.0,8.0,0.0,0,Công ty Cổ phần Lilama 69-3,L63,UPCOM,2016-10-06,,0.0,,2019,11,22,155943000000.0
5666,3109,8.0,8.0,8.0,8.0,0,0.0,0.0,0,0,0,0.0,8.0,0.0,0,Công ty Cổ phần Lilama 69-3,L63,UPCOM,2016-10-06,,0.0,,2019,11,25,106742000000.0
5665,3109,8.0,8.0,8.0,8.0,0,0.0,0.0,0,0,0,0.0,8.0,0.0,0,Công ty Cổ phần Lilama 69-3,L63,UPCOM,2016-10-06,,0.0,,2019,11,26,116664000000.0
5664,3109,8.0,8.0,8.0,8.0,0,0.0,0.0,0,0,0,0.0,8.0,0.0,0,Công ty Cổ phần Lilama 69-3,L63,UPCOM,2016-10-06,,0.0,,2019,11,27,124388000000.0
5663,3109,8.0,8.0,8.0,8.0,0,0.0,0.0,0,0,0,0.0,8.0,0.0,0,Công ty Cổ phần Lilama 69-3,L63,UPCOM,2016-10-06,,0.0,,2019,11,28,140488000000.0
5662,3109,8.0,8.0,8.0,8.0,0,0.0,0.0,0,0,0,0.0,8.0,0.0,0,Công ty Cổ phần Lilama 69-3,L63,UPCOM,2016-10-06,,0.0,,2019,11,29,98374500000.0
5661,3109,8.0,8.0,8.0,8.0,0,0.0,0.0,0,0,0,0.0,8.0,0.0,0,Công ty Cổ phần Lilama 69-3,L63,UPCOM,2016-10-06,,0.0,,2019,12,2,164658000000.0
5660,3109,8.0,8.0,8.0,8.0,0,0.0,0.0,0,0,0,0.0,8.0,0.0,0,Công ty Cổ phần Lilama 69-3,L63,UPCOM,2016-10-06,,0.0,,2019,12,3,160512000000.0
5659,3109,8.0,8.0,8.0,8.0,0,0.0,0.0,0,0,0,0.0,8.0,0.0,0,Công ty Cổ phần Lilama 69-3,L63,UPCOM,2016-10-06,,0.0,,2019,12,4,142836000000.0
5658,3109,8.0,8.0,8.0,8.0,0,0.0,0.0,0,0,0,0.0,8.0,0.0,0,Công ty Cổ phần Lilama 69-3,L63,UPCOM,2016-10-06,,0.0,,2019,12,5,115775000000.0
5657,3109,8.0,8.0,8.0,8.0,0,0.0,0.0,0,0,0,0.0,8.0,0.0,0,Công ty Cổ phần Lilama 69-3,L63,UPCOM,2016-10-06,,0.0,,2019,12,6,81205900000.0
5656,3109,8.0,8.0,8.0,8.0,0,0.0,0.0,0,0,0,0.0,8.0,0.0,0,Công ty Cổ phần Lilama 69-3,L63,UPCOM,2016-10-06,,0.0,,2019,12,9,86610100000.0
5655,3109,8.0,8.0,8.0,8.0,0,0.0,0.0,0,0,0,0.0,8.0,0.0,0,Công ty Cổ phần Lilama 69-3,L63,UPCOM,2016-10-06,,0.0,,2019,12,10,116924000000.0
5654,3109,8.0,8.0,8.0,8.0,0,0.0,0.0,0,0,0,0.0,8.0,0.0,0,Công ty Cổ phần Lilama 69-3,L63,UPCOM,2016-10-06,,0.0,,2019,12,11,152797000000.0
5653,3109,8.0,8.0,8.0,8.0,0,0.0,0.0,0,0,0,0.0,8.0,0.0,0,Công ty Cổ phần Lilama 69-3,L63,UPCOM,2016-10-06,,0.0,,2019,12,12,111327000000.0
5652,3109,8.0,8.0,8.0,8.0,0,0.0,0.0,0,0,0,0.0,8.0,0.0,0,Công ty Cổ phần Lilama 69-3,L63,UPCOM,2016-10-06,,0.0,,2019,12,13,127741000000.0
5651,3109,8.0,8.0,8.0,8.0,0,0.0,0.0,0,0,0,0.0,8.0,0.0,0,Công ty Cổ phần Lilama 69-3,L63,UPCOM,2016-10-06,,0.0,,2019,12,16,105053000000.0
5650,3109,8.0,8.0,8.0,8.0,0,0.0,0.0,0,0,0,0.0,8.0,0.0,0,Công ty Cổ phần Lilama 69-3,L63,UPCOM,2016-10-06,,0.0,,2019,12,17,100810000000.0
5649,3109,8.0,8.0,8.0,8.0,0,0.0,0.0,0,0,0,0.0,8.0,0.0,0,Công ty Cổ phần Lilama 69-3,L63,UPCOM,2016-10-06,,0.0,,2019,12,18,93064200000.0
5648,3109,8.0,8.0,8.0,8.0,0,0.0,0.0,0,0,0,0.0,8.0,0.0,0,Công ty Cổ phần Lilama 69-3,L63,UPCOM,2016-10-06,,0.0,,2019,12,19,100965000000.0
5647,3109,8.0,8.0,8.0,8.0,0,0.0,0.0,0,0,0,0.0,8.0,0.0,0,Công ty Cổ phần Lilama 69-3,L63,UPCOM,2016-10-06,,0.0,,2019,12,20,78425700000.0
5646,3109,8.0,8.0,8.0,8.0,0,0.0,0.0,0,0,0,0.0,8.0,0.0,0,Công ty Cổ phần Lilama 69-3,L63,UPCOM,2016-10-06,,0.0,,2019,12,23,122692000000.0
5645,3109,8.0,8.0,8.0,8.0,0,0.0,0.0,0,0,0,0.0,8.0,0.0,0,Công ty Cổ phần Lilama 69-3,L63,UPCOM,2016-10-06,,0.0,,2019,12,24,112011000000.0
5644,3109,8.0,8.0,8.0,8.0,0,0.0,0.0,0,0,0,0.0,8.0,0.0,0,Công ty Cổ phần Lilama 69-3,L63,UPCOM,2016-10-06,,0.0,,2019,12,25,100059000000.0
5643,3109,8.0,8.0,8.0,8.0,0,0.0,0.0,0,0,0,0.0,8.0,0.0,0,Công ty Cổ phần Lilama 69-3,L63,UPCOM,2016-10-06,,0.0,,2019,12,26,152934000000.0
5642,3109,8.0,8.0,8.0,8.0,0,0.0,0.0,0,0,0,0.0,8.0,0.0,0,Công ty Cổ phần Lilama 69-3,L63,UPCOM,2016-10-06,,0.0,,2019,12,27,97877100000.0
5641,3109,8.0,8.0,8.0,8.0,0,0.0,0.0,0,0,0,0.0,8.0,0.0,0,Công ty Cổ phần Lilama 69-3,L63,UPCOM,2016-10-06,,0.0,,2019,12,30,97661300000.0
5640,3109,8.0,8.0,8.0,8.0,0,0.0,0.0,0,0,0,0.0,8.0,0.0,0,Công ty Cổ phần Lilama 69-3,L63,UPCOM,2016-10-06,,0.0,,2019,12,31,108878000000.0
5639,3109,8.0,8.0,8.0,8.0,0,0.0,0.0,0,0,0,0.0,8.0,0.0,0,Công ty Cổ phần Lilama 69-3,L63,UPCOM,2016-10-06,,0.0,,2020,1,2,102635000000.0
5638,3109,8.0,8.0,8.0,8.0,0,0.0,0.0,0,0,0,0.0,8.0,0.0,0,Công ty Cổ phần Lilama 69-3,L63,UPCOM,2016-10-06,,0.0,,2020,1,3,110096000000.0
5637,3109,8.0,8.0,8.0,8.0,0,0.0,0.0,0,0,0,0.0,8.0,0.0,0,Công ty Cổ phần Lilama 69-3,L63,UPCOM,2016-10-06,,0.0,,2020,1,6,126274000000.0
5636,3109,8.0,8.0,8.0,8.0,0,0.0,0.0,0,0,0,0.0,8.0,0.0,0,Công ty Cổ phần Lilama 69-3,L63,UPCOM,2016-10-06,,0.0,,2020,1,7,86628300000.0
5635,3109,8.0,8.0,8.0,8.0,0,0.0,0.0,0,0,0,0.0,8.0,0.0,0,Công ty Cổ phần Lilama 69-3,L63,UPCOM,2016-10-06,,0.0,,2020,1,8,121036000000.0
5634,3109,8.0,8.0,8.0,8.0,0,0.0,0.0,0,0,0,0.0,8.0,0.0,0,Công ty Cổ phần Lilama 69-3,L63,UPCOM,2016-10-06,,0.0,,2020,1,9,120597000000.0
5633,3109,8.0,8.0,8.0,8.0,0,0.0,0.0,0,0,0,0.0,8.0,0.0,0,Công ty Cổ phần Lilama 69-3,L63,UPCOM,2016-10-06,,0.0,,2020,1,10,110506000000.0
5632,3109,8.0,8.0,8.0,8.0,0,0.0,0.0,0,0,0,0.0,8.0,0.0,0,Công ty Cổ phần Lilama 69-3,L63,UPCOM,2016-10-06,,0.0,,2020,1,13,112982000000.0
5631,3109,8.0,8.0,8.0,8.0,0,0.0,0.0,0,0,0,0.0,8.0,0.0,0,Công ty Cổ phần Lilama 69-3,L63,UPCOM,2016-10-06,,0.0,,2020,1,14,111799000000.0
5630,3109,8.0,8.0,8.0,8.0,0,0.0,0.0,0,0,0,0.0,8.0,0.0,0,Công ty Cổ phần Lilama 69-3,L63,UPCOM,2016-10-06,,0.0,,2020,1,15,77390800000.0
5629,3109,8.0,8.0,8.0,8.0,0,0.0,0.0,0,0,0,0.0,8.0,0.0,0,Công ty Cổ phần Lilama 69-3,L63,UPCOM,2016-10-06,,0.0,,2020,1,16,109398000000.0
5628,3109,8.0,8.0,8.0,8.0,0,0.0,0.0,0,0,0,0.0,8.0,0.0,0,Công ty Cổ phần Lilama 69-3,L63,UPCOM,2016-10-06,,0.0,,2020,1,17,115179000000.0
5627,3109,8.0,8.0,8.0,8.0,0,0.0,0.0,0,0,0,0.0,8.0,0.0,0,Công ty Cổ phần Lilama 69-3,L63,UPCOM,2016-10-06,,0.0,,2020,1,20,112862000000.0
5626,3109,8.0,8.0,8.0,8.0,0,0.0,0.0,0,0,0,0.0,8.0,0.0,0,Công ty Cổ phần Lilama 69-3,L63,UPCOM,2016-10-06,,0.0,,2020,1,21,220235000000.0
5625,3109,8.0,8.0,8.0,8.0,0,0.0,0.0,0,0,0,0.0,8.0,0.0,0,Công ty Cổ phần Lilama 69-3,L63,UPCOM,2016-10-06,,0.0,,2020,1,22,126300000000.0
5624,3109,8.0,8.0,8.0,8.0,0,0.0,0.0,0,0,0,0.0,8.0,0.0,0,Công ty Cổ phần Lilama 69-3,L63,UPCOM,2016-10-06,,0.0,,2020,1,30,146164000000.0
5623,3109,8.0,8.0,8.0,8.0,0,0.0,0.0,0,0,0,0.0,8.0,0.0,0,Công ty Cổ phần Lilama 69-3,L63,UPCOM,2016-10-06,,0.0,,2020,1,31,171250000000.0
5622,3109,8.0,8.0,8.0,8.0,0,0.0,0.0,0,0,0,0.0,8.0,0.0,0,Công ty Cổ phần Lilama 69-3,L63,UPCOM,2016-10-06,,0.0,,2020,2,3,208236000000.0
5621,3109,8.0,8.0,8.0,8.0,0,0.0,0.0,0,0,0,0.0,8.0,0.0,0,Công ty Cổ phần Lilama 69-3,L63,UPCOM,2016-10-06,,0.0,,2020,2,4,147531000000.0
5620,3109,8.0,8.0,8.0,8.0,0,0.0,0.0,0,0,0,0.0,8.0,0.0,0,Công ty Cổ phần Lilama 69-3,L63,UPCOM,2016-10-06,,0.0,,2020,2,5,158663000000.0
5619,3109,8.0,8.0,8.0,8.0,0,0.0,0.0,0,0,0,0.0,8.0,0.0,0,Công ty Cổ phần Lilama 69-3,L63,UPCOM,2016-10-06,,0.0,,2020,2,6,181858000000.0
5618,3109,8.0,8.0,8.0,8.0,0,0.0,0.0,0,0,0,0.0,8.0,0.0,0,Công ty Cổ phần Lilama 69-3,L63,UPCOM,2016-10-06,,0.0,,2020,2,7,114429000000.0
5617,3109,8.0,8.0,8.0,8.0,0,0.0,0.0,0,0,0,0.0,8.0,0.0,0,Công ty Cổ phần Lilama 69-3,L63,UPCOM,2016-10-06,,0.0,,2020,2,10,126113000000.0
5616,3109,8.0,8.0,8.0,8.0,0,0.0,0.0,0,0,0,0.0,8.0,0.0,0,Công ty Cổ phần Lilama 69-3,L63,UPCOM,2016-10-06,,0.0,,2020,2,11,152628000000.0
5615,3109,8.0,8.0,8.0,8.0,0,0.0,0.0,0,0,0,0.0,8.0,0.0,0,Công ty Cổ phần Lilama 69-3,L63,UPCOM,2016-10-06,,0.0,,2020,2,12,158762000000.0
5614,3109,8.0,8.0,8.0,8.0,0,0.0,0.0,0,0,0,0.0,8.0,0.0,0,Công ty Cổ phần Lilama 69-3,L63,UPCOM,2016-10-06,,0.0,,2020,2,13,216887000000.0
5613,3109,8.0,8.0,8.0,8.0,0,0.0,0.0,0,0,0,0.0,8.0,0.0,0,Công ty Cổ phần Lilama 69-3,L63,UPCOM,2016-10-06,,0.0,,2020,2,14,154847000000.0
session_id,stock_id,open_price,close_price,high_price,low_price,volume_detail,ceiling_price,floor_price,buy_volume,sell_volume,net_volume,matched_value,adjust_price,change_percent,outstanding_share,name,code,stock_space,join_date,leave_date,init_price,category,year,month,day_of_month,volume_session
5842,3109,8.5,8.5,8.5,8.5,0,0.0,0.0,0,0,0,0.0,8.5,0.0,0,Công ty Cổ phần Lilama 69-3,L63,UPCOM,2016-10-06,,0.0,,2019,3,15,229714000000.0
5841,3109,8.5,8.5,8.5,8.5,0,0.0,0.0,0,0,0,0.0,8.5,0.0,0,Công ty Cổ phần Lilama 69-3,L63,UPCOM,2016-10-06,,0.0,,2019,3,18,374138000000.0
5840,3109,7.4,7.4,7.4,7.4,10800,0.0,0.0,0,0,0,79920000.0,7.4,-1.1,0,Công ty Cổ phần Lilama 69-3,L63,UPCOM,2016-10-06,,0.0,,2019,3,19,324743000000.0
5839,3109,7.4,7.4,7.4,7.4,0,0.0,0.0,0,0,0,0.0,7.4,0.0,0,Công ty Cổ phần Lilama 69-3,L63,UPCOM,2016-10-06,,0.0,,2019,3,20,241985000000.0
5838,3109,7.4,7.4,7.4,7.4,0,0.0,0.0,0,0,0,0.0,7.4,0.0,0,Công ty Cổ phần Lilama 69-3,L63,UPCOM,2016-10-06,,0.0,,2019,3,21,394625000000.0
5837,3109,7.4,7.4,7.4,7.4,0,0.0,0.0,0,0,0,0.0,7.4,0.0,0,Công ty Cổ phần Lilama 69-3,L63,UPCOM,2016-10-06,,0.0,,2019,3,22,241752000000.0
5836,3109,7.4,7.4,7.4,7.4,0,0.0,0.0,0,0,0,0.0,7.4,0.0,0,Công ty Cổ phần Lilama 69-3,L63,UPCOM,2016-10-06,,0.0,,2019,3,25,259531000000.0
5835,3109,7.4,7.4,7.4,7.4,0,0.0,0.0,0,0,0,0.0,7.4,0.0,0,Công ty Cổ phần Lilama 69-3,L63,UPCOM,2016-10-06,,0.0,,2019,3,26,200030000000.0
5834,3109,7.4,7.4,7.4,7.4,0,0.0,0.0,0,0,0,0.0,7.4,0.0,0,Công ty Cổ phần Lilama 69-3,L63,UPCOM,2016-10-06,,0.0,,2019,3,27,199802000000.0
5833,3109,7.4,7.4,7.4,7.4,0,0.0,0.0,0,0,0,0.0,7.4,0.0,0,Công ty Cổ phần Lilama 69-3,L63,UPCOM,2016-10-06,,0.0,,2019,3,28,194341000000.0
5832,3109,7.4,7.4,7.4,7.4,100,0.0,0.0,0,0,0,740000.0,7.4,0.0,0,Công ty Cổ phần Lilama 69-3,L63,UPCOM,2016-10-06,,0.0,,2019,3,29,213620000000.0
5831,3109,7.4,7.4,7.4,7.4,0,0.0,0.0,0,0,0,0.0,7.4,0.0,0,Công ty Cổ phần Lilama 69-3,L63,UPCOM,2016-10-06,,0.0,,2019,4,1,218481000000.0
5830,3109,7.4,7.4,7.4,7.4,0,0.0,0.0,0,0,0,0.0,7.4,0.0,0,Công ty Cổ phần Lilama 69-3,L63,UPCOM,2016-10-06,,0.0,,2019,4,2,213819000000.0
5829,3109,6.3,6.3,6.3,6.3,100,0.0,0.0,0,0,0,630000.0,6.3,-1.1,0,Công ty Cổ phần Lilama 69-3,L63,UPCOM,2016-10-06,,0.0,,2019,4,3,204049000000.0
5828,3109,6.3,6.3,6.3,6.3,0,0.0,0.0,0,0,0,0.0,6.3,0.0,0,Công ty Cổ phần Lilama 69-3,L63,UPCOM,2016-10-06,,0.0,,2019,4,4,202124000000.0
5827,3109,6.3,6.3,6.3,6.3,0,0.0,0.0,0,0,0,0.0,6.3,0.0,0,Công ty Cổ phần Lilama 69-3,L63,UPCOM,2016-10-06,,0.0,,2019,4,5,165450000000.0
5826,3109,6.3,6.3,6.3,6.3,0,0.0,0.0,0,0,0,0.0,6.3,0.0,0,Công ty Cổ phần Lilama 69-3,L63,UPCOM,2016-10-06,,0.0,,2019,4,8,214871000000.0
5825,3109,6.3,6.3,6.3,6.3,0,0.0,0.0,0,0,0,0.0,6.3,0.0,0,Công ty Cổ phần Lilama 69-3,L63,UPCOM,2016-10-06,,0.0,,2019,4,9,251895000000.0
5824,3109,6.3,6.3,6.3,6.3,0,0.0,0.0,0,0,0,0.0,6.3,0.0,0,Công ty Cổ phần Lilama 69-3,L63,UPCOM,2016-10-06,,0.0,,2019,4,10,194799000000.0
5823,3109,6.3,6.3,6.3,6.3,0,0.0,0.0,0,0,0,0.0,6.3,0.0,0,Công ty Cổ phần Lilama 69-3,L63,UPCOM,2016-10-06,,0.0,,2019,4,11,146529000000.0
5822,3109,6.3,6.3,6.3,6.3,0,0.0,0.0,0,0,0,0.0,6.3,0.0,0,Công ty Cổ phần Lilama 69-3,L63,UPCOM,2016-10-06,,0.0,,2019,4,12,210564000000.0
5821,3109,6.3,6.3,6.3,6.3,0,0.0,0.0,0,0,0,0.0,6.3,0.0,0,Công ty Cổ phần Lilama 69-3,L63,UPCOM,2016-10-06,,0.0,,2019,4,16,189725000000.0
5820,3109,6.3,6.3,6.3,6.3,0,0.0,0.0,0,0,0,0.0,6.3,0.0,0,Công ty Cổ phần Lilama 69-3,L63,UPCOM,2016-10-06,,0.0,,2019,4,17,197320000000.0
5819,3109,6.3,6.3,6.3,6.3,0,0.0,0.0,0,0,0,0.0,6.3,0.0,0,Công ty Cổ phần Lilama 69-3,L63,UPCOM,2016-10-06,,0.0,,2019,4,18,183026000000.0
5818,3109,6.3,6.3,6.3,6.3,0,0.0,0.0,0,0,0,0.0,6.3,0.0,0,Công ty Cổ phần Lilama 69-3,L63,UPCOM,2016-10-06,,0.0,,2019,4,19,133221000000.0
5817,3109,6.3,6.3,6.3,6.3,0,0.0,0.0,0,0,0,0.0,6.3,0.0,0,Công ty Cổ phần Lilama 69-3,L63,UPCOM,2016-10-06,,0.0,,2019,4,22,154753000000.0
5816,3109,6.3,6.3,6.3,6.3,0,0.0,0.0,0,0,0,0.0,6.3,0.0,0,Công ty Cổ phần Lilama 69-3,L63,UPCOM,2016-10-06,,0.0,,2019,4,23,111865000000.0
5815,3109,6.3,6.3,6.3,6.3,0,0.0,0.0,0,0,0,0.0,6.3,0.0,0,Công ty Cổ phần Lilama 69-3,L63,UPCOM,2016-10-06,,0.0,,2019,4,24,176818000000.0
5814,3109,6.3,6.3,6.3,6.3,0,0.0,0.0,0,0,0,0.0,6.3,0.0,0,Công ty Cổ phần Lilama 69-3,L63,UPCOM,2016-10-06,,0.0,,2019,4,25,148210000000.0
5813,3109,6.3,6.3,6.3,6.3,0,0.0,0.0,0,0,0,0.0,6.3,0.0,0,Công ty Cổ phần Lilama 69-3,L63,UPCOM,2016-10-06,,0.0,,2019,4,26,122559000000.0
5812,3109,6.3,6.3,6.3,6.3,0,0.0,0.0,0,0,0,0.0,6.3,0.0,0,Công ty Cổ phần Lilama 69-3,L63,UPCOM,2016-10-06,,0.0,,2019,5,2,140988000000.0
5811,3109,6.3,6.3,6.3,6.3,0,0.0,0.0,0,0,0,0.0,6.3,0.0,0,Công ty Cổ phần Lilama 69-3,L63,UPCOM,2016-10-06,,0.0,,2019,5,3,137031000000.0
5810,3109,6.3,6.3,6.3,6.3,0,0.0,0.0,0,0,0,0.0,6.3,0.0,0,Công ty Cổ phần Lilama 69-3,L63,UPCOM,2016-10-06,,0.0,,2019,5,6,167587000000.0
5809,3109,6.3,6.3,6.3,6.3,0,0.0,0.0,0,0,0,0.0,6.3,0.0,0,Công ty Cổ phần Lilama 69-3,L63,UPCOM,2016-10-06,,0.0,,2019,5,7,105009000000.0
5808,3109,6.3,6.3,6.3,6.3,0,0.0,0.0,0,0,0,0.0,6.3,0.0,0,Công ty Cổ phần Lilama 69-3,L63,UPCOM,2016-10-06,,0.0,,2019,5,8,136218000000.0
5807,3109,6.3,6.3,6.3,6.3,0,0.0,0.0,0,0,0,0.0,6.3,0.0,0,Công ty Cổ phần Lilama 69-3,L63,UPCOM,2016-10-06,,0.0,,2019,5,9,86222100000.0
5806,3109,6.3,6.3,6.3,6.3,0,0.0,0.0,0,0,0,0.0,6.3,0.0,0,Công ty Cổ phần Lilama 69-3,L63,UPCOM,2016-10-06,,0.0,,2019,5,10,117896000000.0
5805,3109,6.3,6.3,6.3,6.3,0,0.0,0.0,0,0,0,0.0,6.3,0.0,0,Công ty Cổ phần Lilama 69-3,L63,UPCOM,2016-10-06,,0.0,,2019,5,13,130908000000.0
5804,3109,6.3,6.3,6.3,6.3,0,0.0,0.0,0,0,0,0.0,6.3,0.0,0,Công ty Cổ phần Lilama 69-3,L63,UPCOM,2016-10-06,,0.0,,2019,5,14,168443000000.0
5803,3109,6.3,6.3,6.3,6.3,0,0.0,0.0,0,0,0,0.0,6.3,0.0,0,Công ty Cổ phần Lilama 69-3,L63,UPCOM,2016-10-06,,0.0,,2019,5,15,185787000000.0
5802,3109,6.3,6.3,6.3,6.3,0,0.0,0.0,0,0,0,0.0,6.3,0.0,0,Công ty Cổ phần Lilama 69-3,L63,UPCOM,2016-10-06,,0.0,,2019,5,16,128123000000.0
5801,3109,6.3,6.3,6.3,6.3,0,0.0,0.0,0,0,0,0.0,6.3,0.0,0,Công ty Cổ phần Lilama 69-3,L63,UPCOM,2016-10-06,,0.0,,2019,5,17,237819000000.0
5800,3109,6.3,6.3,6.3,6.3,0,0.0,0.0,0,0,0,0.0,6.3,0.0,0,Công ty Cổ phần Lilama 69-3,L63,UPCOM,2016-10-06,,0.0,,2019,5,20,197330000000.0
5799,3109,6.3,6.3,6.3,6.3,0,0.0,0.0,0,0,0,0.0,6.3,0.0,0,Công ty Cổ phần Lilama 69-3,L63,UPCOM,2016-10-06,,0.0,,2019,5,21,160365000000.0
5798,3109,6.3,6.3,6.3,6.3,0,0.0,0.0,0,0,0,0.0,6.3,0.0,0,Công ty Cổ phần Lilama 69-3,L63,UPCOM,2016-10-06,,0.0,,2019,5,22,129148000000.0
5797,3109,6.3,6.3,6.3,6.3,0,0.0,0.0,0,0,0,0.0,6.3,0.0,0,Công ty Cổ phần Lilama 69-3,L63,UPCOM,2016-10-06,,0.0,,2019,5,23,215991000000.0
5796,3109,6.3,6.3,6.3,6.3,0,0.0,0.0,0,0,0,0.0,6.3,0.0,0,Công ty Cổ phần Lilama 69-3,L63,UPCOM,2016-10-06,,0.0,,2019,5,24,209788000000.0
5795,3109,6.3,6.3,6.3,6.3,0,0.0,0.0,0,0,0,0.0,6.3,0.0,0,Công ty Cổ phần Lilama 69-3,L63,UPCOM,2016-10-06,,0.0,,2019,5,27,121506000000.0
5794,3109,6.3,6.3,6.3,6.3,0,0.0,0.0,0,0,0,0.0,6.3,0.0,0,Công ty Cổ phần Lilama 69-3,L63,UPCOM,2016-10-06,,0.0,,2019,5,28,184152000000.0
5793,3109,5.7,5.7,5.7,5.7,400,0.0,0.0,0,0,0,2280000.0,5.7,-0.6,0,Công ty Cổ phần Lilama 69-3,L63,UPCOM,2016-10-06,,0.0,,2019,5,29,156347000000.0
5792,3109,5.7,5.7,5.7,5.7,0,0.0,0.0,0,0,0,0.0,5.7,0.0,0,Công ty Cổ phần Lilama 69-3,L63,UPCOM,2016-10-06,,0.0,,2019,5,30,112598000000.0
5791,3109,5.7,5.7,5.7,5.7,0,0.0,0.0,0,0,0,0.0,5.7,0.0,0,Công ty Cổ phần Lilama 69-3,L63,UPCOM,2016-10-06,,0.0,,2019,5,31,134238000000.0
5790,3109,5.7,5.7,5.7,5.7,0,0.0,0.0,0,0,0,0.0,5.7,0.0,0,Công ty Cổ phần Lilama 69-3,L63,UPCOM,2016-10-06,,0.0,,2019,6,3,172401000000.0
5789,3109,5.7,5.7,5.7,5.7,0,0.0,0.0,0,0,0,0.0,5.7,0.0,0,Công ty Cổ phần Lilama 69-3,L63,UPCOM,2016-10-06,,0.0,,2019,6,4,130714000000.0
5788,3109,5.7,5.7,5.7,5.7,0,0.0,0.0,0,0,0,0.0,5.7,0.0,0,Công ty Cổ phần Lilama 69-3,L63,UPCOM,2016-10-06,,0.0,,2019,6,5,115565000000.0
5787,3109,5.7,5.7,5.7,5.7,0,0.0,0.0,0,0,0,0.0,5.7,0.0,0,Công ty Cổ phần Lilama 69-3,L63,UPCOM,2016-10-06,,0.0,,2019,6,6,126841000000.0
5786,3109,5.7,5.7,5.7,5.7,0,0.0,0.0,0,0,0,0.0,5.7,0.0,0,Công ty Cổ phần Lilama 69-3,L63,UPCOM,2016-10-06,,0.0,,2019,6,7,171364000000.0
5785,3109,6.5,6.5,6.5,6.5,200,0.0,0.0,0,0,0,1300000.0,6.5,0.8,0,Công ty Cổ phần Lilama 69-3,L63,UPCOM,2016-10-06,,0.0,,2019,6,10,183141000000.0
5784,3109,7.4,7.4,7.4,7.4,100,0.0,0.0,0,0,0,740000.0,7.4,0.9,0,Công ty Cổ phần Lilama 69-3,L63,UPCOM,2016-10-06,,0.0,,2019,6,11,209125000000.0
5783,3109,8.5,8.5,8.5,8.5,200,0.0,0.0,0,0,0,1700000.0,8.5,1.1,0,Công ty Cổ phần Lilama 69-3,L63,UPCOM,2016-10-06,,0.0,,2019,6,12,168805000000.0
5782,3109,8.5,8.5,8.5,8.5,0,0.0,0.0,0,0,0,0.0,8.5,0.0,0,Công ty Cổ phần Lilama 69-3,L63,UPCOM,2016-10-06,,0.0,,2019,6,13,186231000000.0
5781,3109,8.5,8.5,8.5,8.5,0,0.0,0.0,0,0,0,0.0,8.5,0.0,0,Công ty Cổ phần Lilama 69-3,L63,UPCOM,2016-10-06,,0.0,,2019,6,14,155515000000.0
5780,3109,8.5,8.5,8.5,8.5,0,0.0,0.0,0,0,0,0.0,8.5,0.0,0,Công ty Cổ phần Lilama 69-3,L63,UPCOM,2016-10-06,,0.0,,2019,6,17,112212000000.0
5779,3109,8.5,8.5,8.5,8.5,0,0.0,0.0,0,0,0,0.0,8.5,0.0,0,Công ty Cổ phần Lilama 69-3,L63,UPCOM,2016-10-06,,0.0,,2019,6,18,176509000000.0
5778,3109,8.5,8.5,8.5,8.5,0,0.0,0.0,0,0,0,0.0,8.5,0.0,0,Công ty Cổ phần Lilama 69-3,L63,UPCOM,2016-10-06,,0.0,,2019,6,19,149491000000.0
5777,3109,8.0,8.0,8.0,8.0,111800,0.0,0.0,0,0,0,894400000.0,8.0,-0.5,0,Công ty Cổ phần Lilama 69-3,L63,UPCOM,2016-10-06,,0.0,,2019,6,20,166289000000.0
5776,3109,8.0,8.0,8.0,8.0,0,0.0,0.0,0,0,0,0.0,8.0,0.0,0,Công ty Cổ phần Lilama 69-3,L63,UPCOM,2016-10-06,,0.0,,2019,6,21,122135000000.0
5775,3109,8.0,8.0,8.0,8.0,0,0.0,0.0,0,0,0,0.0,8.0,0.0,0,Công ty Cổ phần Lilama 69-3,L63,UPCOM,2016-10-06,,0.0,,2019,6,24,132289000000.0
5774,3109,8.0,8.0,8.0,8.0,0,0.0,0.0,0,0,0,0.0,8.0,0.0,0,Công ty Cổ phần Lilama 69-3,L63,UPCOM,2016-10-06,,0.0,,2019,6,25,136297000000.0
5773,3109,8.0,8.0,8.0,8.0,0,0.0,0.0,0,0,0,0.0,8.0,0.0,0,Công ty Cổ phần Lilama 69-3,L63,UPCOM,2016-10-06,,0.0,,2019,6,26,158446000000.0
5772,3109,8.0,8.0,8.0,8.0,0,0.0,0.0,0,0,0,0.0,8.0,0.0,0,Công ty Cổ phần Lilama 69-3,L63,UPCOM,2016-10-06,,0.0,,2019,6,27,215182000000.0
5771,3109,8.0,8.0,8.0,8.0,0,0.0,0.0,0,0,0,0.0,8.0,0.0,0,Công ty Cổ phần Lilama 69-3,L63,UPCOM,2016-10-06,,0.0,,2019,6,28,201791000000.0
5770,3109,8.0,8.0,8.0,8.0,0,0.0,0.0,0,0,0,0.0,8.0,0.0,0,Công ty Cổ phần Lilama 69-3,L63,UPCOM,2016-10-06,,0.0,,2019,7,1,116308000000.0
5769,3109,8.0,8.0,8.0,8.0,0,0.0,0.0,0,0,0,0.0,8.0,0.0,0,Công ty Cổ phần Lilama 69-3,L63,UPCOM,2016-10-06,,0.0,,2019,7,2,167359000000.0
5768,3109,8.0,8.0,8.0,8.0,0,0.0,0.0,0,0,0,0.0,8.0,0.0,0,Công ty Cổ phần Lilama 69-3,L63,UPCOM,2016-10-06,,0.0,,2019,7,3,130724000000.0
5767,3109,8.0,8.0,8.0,8.0,0,0.0,0.0,0,0,0,0.0,8.0,0.0,0,Công ty Cổ phần Lilama 69-3,L63,UPCOM,2016-10-06,,0.0,,2019,7,4,159095000000.0
5766,3109,8.0,8.0,8.0,8.0,0,0.0,0.0,0,0,0,0.0,8.0,0.0,0,Công ty Cổ phần Lilama 69-3,L63,UPCOM,2016-10-06,,0.0,,2019,7,5,139611000000.0
5765,3109,8.0,8.0,8.0,8.0,0,0.0,0.0,0,0,0,0.0,8.0,0.0,0,Công ty Cổ phần Lilama 69-3,L63,UPCOM,2016-10-06,,0.0,,2019,7,8,127243000000.0
5764,3109,8.0,8.0,8.0,8.0,0,0.0,0.0,0,0,0,0.0,8.0,0.0,0,Công ty Cổ phần Lilama 69-3,L63,UPCOM,2016-10-06,,0.0,,2019,7,9,169333000000.0
5763,3109,8.0,8.0,8.0,8.0,0,0.0,0.0,0,0,0,0.0,8.0,0.0,0,Công ty Cổ phần Lilama 69-3,L63,UPCOM,2016-10-06,,0.0,,2019,7,10,200695000000.0
5762,3109,8.0,8.0,8.0,8.0,0,0.0,0.0,0,0,0,0.0,8.0,0.0,0,Công ty Cổ phần Lilama 69-3,L63,UPCOM,2016-10-06,,0.0,,2019,7,11,218888000000.0
5761,3109,8.0,8.0,8.0,8.0,0,0.0,0.0,0,0,0,0.0,8.0,0.0,0,Công ty Cổ phần Lilama 69-3,L63,UPCOM,2016-10-06,,0.0,,2019,7,12,205458000000.0
5760,3109,8.0,8.0,8.0,8.0,300,0.0,0.0,0,0,0,2400000.0,8.0,0.0,0,Công ty Cổ phần Lilama 69-3,L63,UPCOM,2016-10-06,,0.0,,2019,7,15,184196000000.0
5759,3109,8.0,8.0,8.0,8.0,0,0.0,0.0,0,0,0,0.0,8.0,0.0,0,Công ty Cổ phần Lilama 69-3,L63,UPCOM,2016-10-06,,0.0,,2019,7,16,234143000000.0
5758,3109,8.0,8.0,8.0,8.0,0,0.0,0.0,0,0,0,0.0,8.0,0.0,0,Công ty Cổ phần Lilama 69-3,L63,UPCOM,2016-10-06,,0.0,,2019,7,17,167257000000.0
5757,3109,8.0,8.0,8.0,8.0,0,0.0,0.0,0,0,0,0.0,8.0,0.0,0,Công ty Cổ phần Lilama 69-3,L63,UPCOM,2016-10-06,,0.0,,2019,7,18,170409000000.0
5756,3109,8.0,8.0,8.0,8.0,0,0.0,0.0,0,0,0,0.0,8.0,0.0,0,Công ty Cổ phần Lilama 69-3,L63,UPCOM,2016-10-06,,0.0,,2019,7,19,240988000000.0
5755,3109,8.0,8.0,8.0,8.0,0,0.0,0.0,0,0,0,0.0,8.0,0.0,0,Công ty Cổ phần Lilama 69-3,L63,UPCOM,2016-10-06,,0.0,,2019,7,22,226142000000.0
5754,3109,8.0,8.0,8.0,8.0,0,0.0,0.0,0,0,0,0.0,8.0,0.0,0,Công ty Cổ phần Lilama 69-3,L63,UPCOM,2016-10-06,,0.0,,2019,7,23,318794000000.0
5753,3109,8.0,8.0,8.0,8.0,0,0.0,0.0,0,0,0,0.0,8.0,0.0,0,Công ty Cổ phần Lilama 69-3,L63,UPCOM,2016-10-06,,0.0,,2019,7,24,267814000000.0
5752,3109,8.0,8.0,8.0,8.0,0,0.0,0.0,0,0,0,0.0,8.0,0.0,0,Công ty Cổ phần Lilama 69-3,L63,UPCOM,2016-10-06,,0.0,,2019,7,25,284266000000.0
5751,3109,8.0,8.0,8.0,8.0,0,0.0,0.0,0,0,0,0.0,8.0,0.0,0,Công ty Cổ phần Lilama 69-3,L63,UPCOM,2016-10-06,,0.0,,2019,7,26,215501000000.0
5750,3109,8.0,8.0,8.0,8.0,0,0.0,0.0,0,0,0,0.0,8.0,0.0,0,Công ty Cổ phần Lilama 69-3,L63,UPCOM,2016-10-06,,0.0,,2019,7,29,214894000000.0
5749,3109,8.0,8.0,8.0,8.0,0,0.0,0.0,0,0,0,0.0,8.0,0.0,0,Công ty Cổ phần Lilama 69-3,L63,UPCOM,2016-10-06,,0.0,,2019,7,30,300294000000.0
5748,3109,8.0,8.0,8.0,8.0,0,0.0,0.0,0,0,0,0.0,8.0,0.0,0,Công ty Cổ phần Lilama 69-3,L63,UPCOM,2016-10-06,,0.0,,2019,7,31,267865000000.0
5747,3109,8.0,8.0,8.0,8.0,0,0.0,0.0,0,0,0,0.0,8.0,0.0,0,Công ty Cổ phần Lilama 69-3,L63,UPCOM,2016-10-06,,0.0,,2019,8,1,217268000000.0
5746,3109,8.0,8.0,8.0,8.0,0,0.0,0.0,0,0,0,0.0,8.0,0.0,0,Công ty Cổ phần Lilama 69-3,L63,UPCOM,2016-10-06,,0.0,,2019,8,2,232073000000.0
5745,3109,8.0,8.0,8.0,8.0,0,0.0,0.0,0,0,0,0.0,8.0,0.0,0,Công ty Cổ phần Lilama 69-3,L63,UPCOM,2016-10-06,,0.0,,2019,8,5,311440000000.0
5744,3109,8.0,8.0,8.0,8.0,0,0.0,0.0,0,0,0,0.0,8.0,0.0,0,Công ty Cổ phần Lilama 69-3,L63,UPCOM,2016-10-06,,0.0,,2019,8,6,341483000000.0
5743,3109,8.0,8.0,8.0,8.0,0,0.0,0.0,0,0,0,0.0,8.0,0.0,0,Công ty Cổ phần Lilama 69-3,L63,UPCOM,2016-10-06,,0.0,,2019,8,7,264372000000.0
5742,3109,8.0,8.0,8.0,8.0,0,0.0,0.0,0,0,0,0.0,8.0,0.0,0,Công ty Cổ phần Lilama 69-3,L63,UPCOM,2016-10-06,,0.0,,2019,8,8,297326000000.0
5741,3109,8.0,8.0,8.0,8.0,35,0.0,0.0,0,0,0,238000.0,8.0,0.0,0,Công ty Cổ phần Lilama 69-3,L63,UPCOM,2016-10-06,,0.0,,2019,8,9,234454000000.0
5740,3109,8.0,8.0,8.0,8.0,0,0.0,0.0,0,0,0,0.0,8.0,0.0,0,Công ty Cổ phần Lilama 69-3,L63,UPCOM,2016-10-06,,0.0,,2019,8,12,212064000000.0
5739,3109,8.0,8.0,8.0,8.0,0,0.0,0.0,0,0,0,0.0,8.0,0.0,0,Công ty Cổ phần Lilama 69-3,L63,UPCOM,2016-10-06,,0.0,,2019,8,13,231136000000.0
5738,3109,8.0,8.0,8.0,8.0,0,0.0,0.0,0,0,0,0.0,8.0,0.0,0,Công ty Cổ phần Lilama 69-3,L63,UPCOM,2016-10-06,,0.0,,2019,8,14,164588000000.0
5737,3109,8.0,8.0,8.0,8.0,0,0.0,0.0,0,0,0,0.0,8.0,0.0,0,Công ty Cổ phần Lilama 69-3,L63,UPCOM,2016-10-06,,0.0,,2019,8,15,205652000000.0
5736,3109,8.0,8.0,8.0,8.0,0,0.0,0.0,0,0,0,0.0,8.0,0.0,0,Công ty Cổ phần Lilama 69-3,L63,UPCOM,2016-10-06,,0.0,,2019,8,16,252360000000.0
5735,3109,8.0,8.0,8.0,8.0,0,0.0,0.0,0,0,0,0.0,8.0,0.0,0,Công ty Cổ phần Lilama 69-3,L63,UPCOM,2016-10-06,,0.0,,2019,8,19,206843000000.0
5734,3109,8.0,8.0,8.0,8.0,0,0.0,0.0,0,0,0,0.0,8.0,0.0,0,Công ty Cổ phần Lilama 69-3,L63,UPCOM,2016-10-06,,0.0,,2019,8,20,267030000000.0
5733,3109,8.0,8.0,8.0,8.0,0,0.0,0.0,0,0,0,0.0,8.0,0.0,0,Công ty Cổ phần Lilama 69-3,L63,UPCOM,2016-10-06,,0.0,,2019,8,21,239568000000.0
5732,3109,8.0,8.0,8.0,8.0,0,0.0,0.0,0,0,0,0.0,8.0,0.0,0,Công ty Cổ phần Lilama 69-3,L63,UPCOM,2016-10-06,,0.0,,2019,8,22,221903000000.0
5731,3109,8.0,8.0,8.0,8.0,0,0.0,0.0,0,0,0,0.0,8.0,0.0,0,Công ty Cổ phần Lilama 69-3,L63,UPCOM,2016-10-06,,0.0,,2019,8,23,216619000000.0
5730,3109,8.0,8.0,8.0,8.0,0,0.0,0.0,0,0,0,0.0,8.0,0.0,0,Công ty Cổ phần Lilama 69-3,L63,UPCOM,2016-10-06,,0.0,,2019,8,26,220074000000.0
5729,3109,8.0,8.0,8.0,8.0,0,0.0,0.0,0,0,0,0.0,8.0,0.0,0,Công ty Cổ phần Lilama 69-3,L63,UPCOM,2016-10-06,,0.0,,2019,8,27,231054000000.0
5728,3109,8.0,8.0,8.0,8.0,0,0.0,0.0,0,0,0,0.0,8.0,0.0,0,Công ty Cổ phần Lilama 69-3,L63,UPCOM,2016-10-06,,0.0,,2019,8,28,273853000000.0
5727,3109,8.0,8.0,8.0,8.0,0,0.0,0.0,0,0,0,0.0,8.0,0.0,0,Công ty Cổ phần Lilama 69-3,L63,UPCOM,2016-10-06,,0.0,,2019,8,29,257150000000.0
5726,3109,8.0,8.0,8.0,8.0,0,0.0,0.0,0,0,0,0.0,8.0,0.0,0,Công ty Cổ phần Lilama 69-3,L63,UPCOM,2016-10-06,,0.0,,2019,8,30,230742000000.0
session_id,stock_id,open_price,close_price,high_price,low_price,volume_detail,ceiling_price,floor_price,buy_volume,sell_volume,net_volume,matched_value,adjust_price,change_percent,outstanding_share,name,code,stock_space,join_date,leave_date,init_price,category,year,month,day_of_month,volume_session
5963,3109,8.0,8.0,8.0,8.0,0,0.0,0.0,0,0,0,0.0,8.0,0.0,0,Công ty Cổ phần Lilama 69-3,L63,UPCOM,2016-10-06,,0.0,,2018,9,18,283130000000.0
5962,3109,8.0,8.0,8.0,8.0,34,0.0,0.0,0,0,0,234600.0,8.0,0.0,0,Công ty Cổ phần Lilama 69-3,L63,UPCOM,2016-10-06,,0.0,,2018,9,19,433428000000.0
5961,3109,8.0,8.0,8.0,8.0,0,0.0,0.0,0,0,0,0.0,8.0,0.0,0,Công ty Cổ phần Lilama 69-3,L63,UPCOM,2016-10-06,,0.0,,2018,9,20,459026000000.0
5960,3109,8.0,8.0,8.0,8.0,0,0.0,0.0,0,0,0,0.0,8.0,0.0,0,Công ty Cổ phần Lilama 69-3,L63,UPCOM,2016-10-06,,0.0,,2018,9,21,490000000000.0
5959,3109,7.3,7.3,7.3,7.3,300,0.0,0.0,0,0,0,2190000.0,7.3,-0.7,0,Công ty Cổ phần Lilama 69-3,L63,UPCOM,2016-10-06,,0.0,,2018,9,24,362641000000.0
5958,3109,7.3,7.3,7.3,7.3,0,0.0,0.0,0,0,0,0.0,7.3,0.0,0,Công ty Cổ phần Lilama 69-3,L63,UPCOM,2016-10-06,,0.0,,2018,9,25,449900000000.0
5957,3109,7.3,7.3,7.3,7.3,0,0.0,0.0,0,0,0,0.0,7.3,0.0,0,Công ty Cổ phần Lilama 69-3,L63,UPCOM,2016-10-06,,0.0,,2018,9,26,467003000000.0
5956,3109,7.3,7.3,7.3,7.3,0,0.0,0.0,0,0,0,0.0,7.3,0.0,0,Công ty Cổ phần Lilama 69-3,L63,UPCOM,2016-10-06,,0.0,,2018,9,27,399013000000.0
5955,3109,7.3,7.3,7.3,7.3,0,0.0,0.0,0,0,0,0.0,7.3,0.0,0,Công ty Cổ phần Lilama 69-3,L63,UPCOM,2016-10-06,,0.0,,2018,9,28,548565000000.0
5954,3109,7.3,7.3,7.3,7.3,0,0.0,0.0,0,0,0,0.0,7.3,0.0,0,Công ty Cổ phần Lilama 69-3,L63,UPCOM,2016-10-06,,0.0,,2018,10,1,426138000000.0
5953,3109,7.3,7.3,7.3,7.3,0,0.0,0.0,0,0,0,0.0,7.3,0.0,0,Công ty Cổ phần Lilama 69-3,L63,UPCOM,2016-10-06,,0.0,,2018,10,2,334039000000.0
5952,3109,7.3,7.3,7.3,7.3,0,0.0,0.0,0,0,0,0.0,7.3,0.0,0,Công ty Cổ phần Lilama 69-3,L63,UPCOM,2016-10-06,,0.0,,2018,10,3,308623000000.0
5951,3109,7.3,7.3,7.3,7.3,0,0.0,0.0,0,0,0,0.0,7.3,0.0,0,Công ty Cổ phần Lilama 69-3,L63,UPCOM,2016-10-06,,0.0,,2018,10,4,378708000000.0
5950,3109,7.3,7.3,7.3,7.3,0,0.0,0.0,0,0,0,0.0,7.3,0.0,0,Công ty Cổ phần Lilama 69-3,L63,UPCOM,2016-10-06,,0.0,,2018,10,5,379753000000.0
5949,3109,7.3,7.3,7.3,7.3,0,0.0,0.0,0,0,0,0.0,7.3,0.0,0,Công ty Cổ phần Lilama 69-3,L63,UPCOM,2016-10-06,,0.0,,2018,10,8,290608000000.0
5948,3109,7.3,7.3,7.3,7.3,0,0.0,0.0,0,0,0,0.0,7.3,0.0,0,Công ty Cổ phần Lilama 69-3,L63,UPCOM,2016-10-06,,0.0,,2018,10,9,288694000000.0
5947,3109,7.3,7.3,7.3,7.3,0,0.0,0.0,0,0,0,0.0,7.3,0.0,0,Công ty Cổ phần Lilama 69-3,L63,UPCOM,2016-10-06,,0.0,,2018,10,10,313964000000.0
5946,3109,7.3,7.3,7.3,7.3,0,0.0,0.0,0,0,0,0.0,7.3,0.0,0,Công ty Cổ phần Lilama 69-3,L63,UPCOM,2016-10-06,,0.0,,2018,10,11,588391000000.0
5945,3109,7.3,7.3,7.3,7.3,0,0.0,0.0,0,0,0,0.0,7.3,0.0,0,Công ty Cổ phần Lilama 69-3,L63,UPCOM,2016-10-06,,0.0,,2018,10,12,328086000000.0
5944,3109,7.3,7.3,7.3,7.3,0,0.0,0.0,0,0,0,0.0,7.3,0.0,0,Công ty Cổ phần Lilama 69-3,L63,UPCOM,2016-10-06,,0.0,,2018,10,15,166174000000.0
5943,3109,7.3,7.3,7.3,7.3,0,0.0,0.0,0,0,0,0.0,7.3,0.0,0,Công ty Cổ phần Lilama 69-3,L63,UPCOM,2016-10-06,,0.0,,2018,10,16,187556000000.0
5942,3109,7.3,7.3,7.3,7.3,0,0.0,0.0,0,0,0,0.0,7.3,0.0,0,Công ty Cổ phần Lilama 69-3,L63,UPCOM,2016-10-06,,0.0,,2018,10,17,256286000000.0
5941,3109,7.3,7.3,7.3,7.3,0,0.0,0.0,0,0,0,0.0,7.3,0.0,0,Công ty Cổ phần Lilama 69-3,L63,UPCOM,2016-10-06,,0.0,,2018,10,18,252487000000.0
5940,3109,7.3,7.3,7.3,7.3,0,0.0,0.0,0,0,0,0.0,7.3,0.0,0,Công ty Cổ phần Lilama 69-3,L63,UPCOM,2016-10-06,,0.0,,2018,10,19,184959000000.0
5939,3109,7.3,7.3,7.3,7.3,0,0.0,0.0,0,0,0,0.0,7.3,0.0,0,Công ty Cổ phần Lilama 69-3,L63,UPCOM,2016-10-06,,0.0,,2018,10,22,344056000000.0
5938,3109,7.3,7.3,7.3,7.3,0,0.0,0.0,0,0,0,0.0,7.3,0.0,0,Công ty Cổ phần Lilama 69-3,L63,UPCOM,2016-10-06,,0.0,,2018,10,23,243121000000.0
5937,3109,7.3,7.3,7.3,7.3,0,0.0,0.0,0,0,0,0.0,7.3,0.0,0,Công ty Cổ phần Lilama 69-3,L63,UPCOM,2016-10-06,,0.0,,2018,10,24,228973000000.0
5936,3109,7.3,7.3,7.3,7.3,0,0.0,0.0,0,0,0,0.0,7.3,0.0,0,Công ty Cổ phần Lilama 69-3,L63,UPCOM,2016-10-06,,0.0,,2018,10,25,292906000000.0
5935,3109,7.3,7.3,7.3,7.3,0,0.0,0.0,0,0,0,0.0,7.3,0.0,0,Công ty Cổ phần Lilama 69-3,L63,UPCOM,2016-10-06,,0.0,,2018,10,26,164723000000.0
5934,3109,7.3,7.3,7.3,7.3,0,0.0,0.0,0,0,0,0.0,7.3,0.0,0,Công ty Cổ phần Lilama 69-3,L63,UPCOM,2016-10-06,,0.0,,2018,10,29,170174000000.0
5933,3109,7.3,7.3,7.3,7.3,0,0.0,0.0,0,0,0,0.0,7.3,0.0,0,Công ty Cổ phần Lilama 69-3,L63,UPCOM,2016-10-06,,0.0,,2018,10,30,135804000000.0
5932,3109,7.3,7.3,7.3,7.3,0,0.0,0.0,0,0,0,0.0,7.3,0.0,0,Công ty Cổ phần Lilama 69-3,L63,UPCOM,2016-10-06,,0.0,,2018,10,31,215607000000.0
5931,3109,7.3,7.3,7.3,7.3,0,0.0,0.0,0,0,0,0.0,7.3,0.0,0,Công ty Cổ phần Lilama 69-3,L63,UPCOM,2016-10-06,,0.0,,2018,11,1,186501000000.0
5930,3109,7.3,7.3,7.3,7.3,0,0.0,0.0,0,0,0,0.0,7.3,0.0,0,Công ty Cổ phần Lilama 69-3,L63,UPCOM,2016-10-06,,0.0,,2018,11,2,191598000000.0
5929,3109,7.3,7.3,7.3,7.3,0,0.0,0.0,0,0,0,0.0,7.3,0.0,0,Công ty Cổ phần Lilama 69-3,L63,UPCOM,2016-10-06,,0.0,,2018,11,5,126547000000.0
5928,3109,7.3,7.3,7.3,7.3,0,0.0,0.0,0,0,0,0.0,7.3,0.0,0,Công ty Cổ phần Lilama 69-3,L63,UPCOM,2016-10-06,,0.0,,2018,11,6,175530000000.0
5927,3109,7.3,7.3,7.3,7.3,0,0.0,0.0,0,0,0,0.0,7.3,0.0,0,Công ty Cổ phần Lilama 69-3,L63,UPCOM,2016-10-06,,0.0,,2018,11,7,137561000000.0
5926,3109,7.3,7.3,7.3,7.3,0,0.0,0.0,0,0,0,0.0,7.3,0.0,0,Công ty Cổ phần Lilama 69-3,L63,UPCOM,2016-10-06,,0.0,,2018,11,8,160883000000.0
5925,3109,7.3,7.3,7.3,7.3,0,0.0,0.0,0,0,0,0.0,7.3,0.0,0,Công ty Cổ phần Lilama 69-3,L63,UPCOM,2016-10-06,,0.0,,2018,11,9,170099000000.0
5924,3109,7.3,7.3,7.3,7.3,0,0.0,0.0,0,0,0,0.0,7.3,0.0,0,Công ty Cổ phần Lilama 69-3,L63,UPCOM,2016-10-06,,0.0,,2018,11,12,141410000000.0
5923,3109,7.3,7.3,7.3,7.3,0,0.0,0.0,0,0,0,0.0,7.3,0.0,0,Công ty Cổ phần Lilama 69-3,L63,UPCOM,2016-10-06,,0.0,,2018,11,13,230235000000.0
5922,3109,7.3,7.3,7.3,7.3,0,0.0,0.0,0,0,0,0.0,7.3,0.0,0,Công ty Cổ phần Lilama 69-3,L63,UPCOM,2016-10-06,,0.0,,2018,11,14,183093000000.0
5921,3109,7.3,7.3,7.3,7.3,0,0.0,0.0,0,0,0,0.0,7.3,0.0,0,Công ty Cổ phần Lilama 69-3,L63,UPCOM,2016-10-06,,0.0,,2018,11,15,175069000000.0
5920,3109,7.3,7.3,7.3,7.3,0,0.0,0.0,0,0,0,0.0,7.3,0.0,0,Công ty Cổ phần Lilama 69-3,L63,UPCOM,2016-10-06,,0.0,,2018,11,16,256354000000.0
5919,3109,7.3,7.3,7.3,7.3,0,0.0,0.0,0,0,0,0.0,7.3,0.0,0,Công ty Cổ phần Lilama 69-3,L63,UPCOM,2016-10-06,,0.0,,2018,11,19,160236000000.0
5918,3109,7.3,7.3,7.3,7.3,0,0.0,0.0,0,0,0,0.0,7.3,0.0,0,Công ty Cổ phần Lilama 69-3,L63,UPCOM,2016-10-06,,0.0,,2018,11,20,129487000000.0
5917,3109,7.3,7.3,7.3,7.3,0,0.0,0.0,0,0,0,0.0,7.3,0.0,0,Công ty Cổ phần Lilama 69-3,L63,UPCOM,2016-10-06,,0.0,,2018,11,21,153162000000.0
5916,3109,7.3,7.3,7.3,7.3,0,0.0,0.0,0,0,0,0.0,7.3,0.0,0,Công ty Cổ phần Lilama 69-3,L63,UPCOM,2016-10-06,,0.0,,2018,11,22,239562000000.0
5915,3109,7.3,7.3,7.3,7.3,0,0.0,0.0,0,0,0,0.0,7.3,0.0,0,Công ty Cổ phần Lilama 69-3,L63,UPCOM,2016-10-06,,0.0,,2018,11,23,168210000000.0
5914,3109,7.3,7.3,7.3,7.3,0,0.0,0.0,0,0,0,0.0,7.3,0.0,0,Công ty Cổ phần Lilama 69-3,L63,UPCOM,2016-10-06,,0.0,,2018,11,26,146952000000.0
5913,3109,7.3,7.3,7.3,7.3,0,0.0,0.0,0,0,0,0.0,7.3,0.0,0,Công ty Cổ phần Lilama 69-3,L63,UPCOM,2016-10-06,,0.0,,2018,11,27,260881000000.0
5912,3109,7.3,7.3,7.3,7.3,0,0.0,0.0,0,0,0,0.0,7.3,0.0,0,Công ty Cổ phần Lilama 69-3,L63,UPCOM,2016-10-06,,0.0,,2018,11,28,156198000000.0
5911,3109,7.3,7.3,7.3,7.3,0,0.0,0.0,0,0,0,0.0,7.3,0.0,0,Công ty Cổ phần Lilama 69-3,L63,UPCOM,2016-10-06,,0.0,,2018,11,29,214380000000.0
5910,3109,7.3,7.3,7.3,7.3,0,0.0,0.0,0,0,0,0.0,7.3,0.0,0,Công ty Cổ phần Lilama 69-3,L63,UPCOM,2016-10-06,,0.0,,2018,11,30,186349000000.0
5909,3109,7.3,7.3,7.3,7.3,0,0.0,0.0,0,0,0,0.0,7.3,0.0,0,Công ty Cổ phần Lilama 69-3,L63,UPCOM,2016-10-06,,0.0,,2018,12,3,276337000000.0
5908,3109,7.3,7.3,7.3,7.3,0,0.0,0.0,0,0,0,0.0,7.3,0.0,0,Công ty Cổ phần Lilama 69-3,L63,UPCOM,2016-10-06,,0.0,,2018,12,4,271439000000.0
5907,3109,7.3,7.3,7.3,7.3,0,0.0,0.0,0,0,0,0.0,7.3,0.0,0,Công ty Cổ phần Lilama 69-3,L63,UPCOM,2016-10-06,,0.0,,2018,12,5,235145000000.0
5906,3109,7.3,7.3,7.3,7.3,0,0.0,0.0,0,0,0,0.0,7.3,0.0,0,Công ty Cổ phần Lilama 69-3,L63,UPCOM,2016-10-06,,0.0,,2018,12,6,242559000000.0
5905,3109,10.0,10.0,10.0,10.0,13900,0.0,0.0,0,0,0,139000000.0,10.0,2.7,0,Công ty Cổ phần Lilama 69-3,L63,UPCOM,2016-10-06,,0.0,,2018,12,7,212064000000.0
5904,3109,8.5,8.5,8.5,8.5,100,0.0,0.0,0,0,0,850000.0,8.5,-1.5,0,Công ty Cổ phần Lilama 69-3,L63,UPCOM,2016-10-06,,0.0,,2018,12,10,160257000000.0
5903,3109,9.5,7.3,9.5,7.3,4900,0.0,0.0,0,0,0,46330000.0,7.3,-1.2,0,Công ty Cổ phần Lilama 69-3,L63,UPCOM,2016-10-06,,0.0,,2018,12,11,209552000000.0
5902,3109,8.1,8.1,8.1,8.1,1000,0.0,0.0,0,0,0,8100000.0,8.1,-1.4,0,Công ty Cổ phần Lilama 69-3,L63,UPCOM,2016-10-06,,0.0,,2018,12,12,206605000000.0
5901,3109,6.9,6.9,6.9,6.9,1000,0.0,0.0,0,0,0,6900000.0,6.9,-1.2,0,Công ty Cổ phần Lilama 69-3,L63,UPCOM,2016-10-06,,0.0,,2018,12,13,188217000000.0
5900,3109,7.9,7.9,7.9,7.9,1000,0.0,0.0,0,0,0,7900000.0,7.9,1.0,0,Công ty Cổ phần Lilama 69-3,L63,UPCOM,2016-10-06,,0.0,,2018,12,14,156184000000.0
5899,3109,7.9,7.9,7.9,7.9,0,0.0,0.0,0,0,0,0.0,7.9,0.0,0,Công ty Cổ phần Lilama 69-3,L63,UPCOM,2016-10-06,,0.0,,2018,12,17,211526000000.0
5898,3109,7.9,7.9,7.9,7.9,0,0.0,0.0,0,0,0,0.0,7.9,0.0,0,Công ty Cổ phần Lilama 69-3,L63,UPCOM,2016-10-06,,0.0,,2018,12,18,251318000000.0
5897,3109,7.9,7.9,7.9,7.9,0,0.0,0.0,0,0,0,0.0,7.9,0.0,0,Công ty Cổ phần Lilama 69-3,L63,UPCOM,2016-10-06,,0.0,,2018,12,19,141498000000.0
5896,3109,7.9,7.9,7.9,7.9,0,0.0,0.0,0,0,0,0.0,7.9,0.0,0,Công ty Cổ phần Lilama 69-3,L63,UPCOM,2016-10-06,,0.0,,2018,12,20,148278000000.0
5895,3109,9.0,9.0,9.0,9.0,41620,0.0,0.0,0,0,0,374538000.0,9.0,1.1,0,Công ty Cổ phần Lilama 69-3,L63,UPCOM,2016-10-06,,0.0,,2018,12,21,167370000000.0
5894,3109,9.0,9.0,9.0,9.0,2800,0.0,0.0,0,0,0,25200000.0,9.0,0.0,0,Công ty Cổ phần Lilama 69-3,L63,UPCOM,2016-10-06,,0.0,,2018,12,24,168479000000.0
5893,3109,9.0,9.0,9.0,9.0,22000,0.0,0.0,0,0,0,198000000.0,9.0,0.0,0,Công ty Cổ phần Lilama 69-3,L63,UPCOM,2016-10-06,,0.0,,2018,12,25,267205000000.0
5892,3109,9.0,9.0,9.0,9.0,21200,0.0,0.0,0,0,0,190800000.0,9.0,0.0,0,Công ty Cổ phần Lilama 69-3,L63,UPCOM,2016-10-06,,0.0,,2018,12,26,234778000000.0
5891,3109,10.0,9.0,10.0,9.0,37510,0.0,0.0,0,0,0,344577000.0,9.0,0.0,0,Công ty Cổ phần Lilama 69-3,L63,UPCOM,2016-10-06,,0.0,,2018,12,27,299884000000.0
5890,3109,9.2,9.2,9.2,9.2,35,0.0,0.0,0,0,0,276500.0,9.2,0.0,0,Công ty Cổ phần Lilama 69-3,L63,UPCOM,2016-10-06,,0.0,,2018,12,28,353624000000.0
5889,3109,9.2,9.2,9.2,9.2,0,0.0,0.0,0,0,0,0.0,9.2,0.0,0,Công ty Cổ phần Lilama 69-3,L63,UPCOM,2016-10-06,,0.0,,2019,1,2,163016000000.0
5888,3109,9.2,9.2,9.2,9.2,10,0.0,0.0,0,0,0,79000.0,9.2,0.0,0,Công ty Cổ phần Lilama 69-3,L63,UPCOM,2016-10-06,,0.0,,2019,1,3,256879000000.0
5887,3109,9.2,9.2,9.2,9.2,0,0.0,0.0,0,0,0,0.0,9.2,0.0,0,Công ty Cổ phần Lilama 69-3,L63,UPCOM,2016-10-06,,0.0,,2019,1,4,102892000000.0
5886,3109,9.2,9.2,9.2,9.2,0,0.0,0.0,0,0,0,0.0,9.2,0.0,0,Công ty Cổ phần Lilama 69-3,L63,UPCOM,2016-10-06,,0.0,,2019,1,7,94611900000.0
5885,3109,9.2,9.0,9.2,9.2,45,0.0,0.0,0,0,0,425000.0,9.0,-0.2,0,Công ty Cổ phần Lilama 69-3,L63,UPCOM,2016-10-06,,0.0,,2019,1,8,113478000000.0
5884,3109,9.2,9.2,9.2,9.2,0,0.0,0.0,0,0,0,0.0,9.2,0.0,0,Công ty Cổ phần Lilama 69-3,L63,UPCOM,2016-10-06,,0.0,,2019,1,9,167601000000.0
5883,3109,9.2,9.2,9.2,9.2,0,0.0,0.0,0,0,0,0.0,9.2,0.0,0,Công ty Cổ phần Lilama 69-3,L63,UPCOM,2016-10-06,,0.0,,2019,1,10,141731000000.0
5882,3109,8.8,8.8,8.8,8.8,3365,0.0,0.0,0,0,0,29553500.0,8.8,-0.4,0,Công ty Cổ phần Lilama 69-3,L63,UPCOM,2016-10-06,,0.0,,2019,1,11,144561000000.0
5881,3109,8.8,8.8,8.8,8.8,0,0.0,0.0,0,0,0,0.0,8.8,0.0,0,Công ty Cổ phần Lilama 69-3,L63,UPCOM,2016-10-06,,0.0,,2019,1,14,125743000000.0
5880,3109,8.8,8.8,8.8,8.8,0,0.0,0.0,0,0,0,0.0,8.8,0.0,0,Công ty Cổ phần Lilama 69-3,L63,UPCOM,2016-10-06,,0.0,,2019,1,15,132017000000.0
5879,3109,9.0,9.0,9.0,9.0,6900,0.0,0.0,0,0,0,62100000.0,9.0,0.2,0,Công ty Cổ phần Lilama 69-3,L63,UPCOM,2016-10-06,,0.0,,2019,1,16,166347000000.0
5878,3109,9.0,9.0,9.0,9.0,0,0.0,0.0,0,0,0,0.0,9.0,0.0,0,Công ty Cổ phần Lilama 69-3,L63,UPCOM,2016-10-06,,0.0,,2019,1,17,135800000000.0
5877,3109,9.0,9.0,9.0,9.0,0,0.0,0.0,0,0,0,0.0,9.0,0.0,0,Công ty Cổ phần Lilama 69-3,L63,UPCOM,2016-10-06,,0.0,,2019,1,18,130836000000.0
5876,3109,9.0,9.0,9.0,9.0,0,0.0,0.0,0,0,0,0.0,9.0,0.0,0,Công ty Cổ phần Lilama 69-3,L63,UPCOM,2016-10-06,,0.0,,2019,1,21,181577000000.0
5875,3109,9.0,9.0,9.0,9.0,0,0.0,0.0,0,0,0,0.0,9.0,0.0,0,Công ty Cổ phần Lilama 69-3,L63,UPCOM,2016-10-06,,0.0,,2019,1,22,196493000000.0
5874,3109,9.0,9.0,9.0,9.0,0,0.0,0.0,0,0,0,0.0,9.0,0.0,0,Công ty Cổ phần Lilama 69-3,L63,UPCOM,2016-10-06,,0.0,,2019,1,23,129741000000.0
5873,3109,9.0,9.0,9.0,9.0,0,0.0,0.0,0,0,0,0.0,9.0,0.0,0,Công ty Cổ phần Lilama 69-3,L63,UPCOM,2016-10-06,,0.0,,2019,1,24,98900700000.0
5872,3109,9.0,9.0,9.0,9.0,0,0.0,0.0,0,0,0,0.0,9.0,0.0,0,Công ty Cổ phần Lilama 69-3,L63,UPCOM,2016-10-06,,0.0,,2019,1,25,114023000000.0
5871,3109,9.0,9.0,9.0,9.0,0,0.0,0.0,0,0,0,0.0,9.0,0.0,0,Công ty Cổ phần Lilama 69-3,L63,UPCOM,2016-10-06,,0.0,,2019,1,28,126895000000.0
5870,3109,9.0,9.0,9.0,9.0,0,0.0,0.0,0,0,0,0.0,9.0,0.0,0,Công ty Cổ phần Lilama 69-3,L63,UPCOM,2016-10-06,,0.0,,2019,1,29,417280000000.0
5869,3109,9.0,9.0,9.0,9.0,0,0.0,0.0,0,0,0,0.0,9.0,0.0,0,Công ty Cổ phần Lilama 69-3,L63,UPCOM,2016-10-06,,0.0,,2019,1,30,143531000000.0
5868,3109,9.0,9.0,9.0,9.0,0,0.0,0.0,0,0,0,0.0,9.0,0.0,0,Công ty Cổ phần Lilama 69-3,L63,UPCOM,2016-10-06,,0.0,,2019,1,31,236289000000.0
5867,3109,9.0,9.0,9.0,9.0,0,0.0,0.0,0,0,0,0.0,9.0,0.0,0,Công ty Cổ phần Lilama 69-3,L63,UPCOM,2016-10-06,,0.0,,2019,2,1,80247000000.0
5866,3109,9.0,9.0,9.0,9.0,0,0.0,0.0,0,0,0,0.0,9.0,0.0,0,Công ty Cổ phần Lilama 69-3,L63,UPCOM,2016-10-06,,0.0,,2019,2,11,116647000000.0
5865,3109,9.0,9.0,9.0,9.0,0,0.0,0.0,0,0,0,0.0,9.0,0.0,0,Công ty Cổ phần Lilama 69-3,L63,UPCOM,2016-10-06,,0.0,,2019,2,12,283315000000.0
5864,3109,9.0,9.0,9.0,9.0,0,0.0,0.0,0,0,0,0.0,9.0,0.0,0,Công ty Cổ phần Lilama 69-3,L63,UPCOM,2016-10-06,,0.0,,2019,2,13,207607000000.0
5863,3109,9.0,9.0,9.0,9.0,0,0.0,0.0,0,0,0,0.0,9.0,0.0,0,Công ty Cổ phần Lilama 69-3,L63,UPCOM,2016-10-06,,0.0,,2019,2,14,131903000000.0
5862,3109,9.0,9.0,9.0,9.0,0,0.0,0.0,0,0,0,0.0,9.0,0.0,0,Công ty Cổ phần Lilama 69-3,L63,UPCOM,2016-10-06,,0.0,,2019,2,15,148070000000.0
5861,3109,9.0,9.0,9.0,9.0,0,0.0,0.0,0,0,0,0.0,9.0,0.0,0,Công ty Cổ phần Lilama 69-3,L63,UPCOM,2016-10-06,,0.0,,2019,2,18,235926000000.0
5860,3109,9.0,9.0,9.0,9.0,0,0.0,0.0,0,0,0,0.0,9.0,0.0,0,Công ty Cổ phần Lilama 69-3,L63,UPCOM,2016-10-06,,0.0,,2019,2,19,290396000000.0
5859,3109,9.0,9.0,9.0,9.0,0,0.0,0.0,0,0,0,0.0,9.0,0.0,0,Công ty Cổ phần Lilama 69-3,L63,UPCOM,2016-10-06,,0.0,,2019,2,20,207319000000.0
5858,3109,9.0,9.0,9.0,9.0,0,0.0,0.0,0,0,0,0.0,9.0,0.0,0,Công ty Cổ phần Lilama 69-3,L63,UPCOM,2016-10-06,,0.0,,2019,2,21,193334000000.0
5857,3109,9.0,9.0,9.0,9.0,0,0.0,0.0,0,0,0,0.0,9.0,0.0,0,Công ty Cổ phần Lilama 69-3,L63,UPCOM,2016-10-06,,0.0,,2019,2,22,189644000000.0
5856,3109,8.5,8.5,8.5,8.5,5000,0.0,0.0,0,0,0,42500000.0,8.5,-0.5,0,Công ty Cổ phần Lilama 69-3,L63,UPCOM,2016-10-06,,0.0,,2019,2,25,184801000000.0
5855,3109,8.5,8.5,8.5,8.5,0,0.0,0.0,0,0,0,0.0,8.5,0.0,0,Công ty Cổ phần Lilama 69-3,L63,UPCOM,2016-10-06,,0.0,,2019,2,26,214117000000.0
5854,3109,8.5,8.5,8.5,8.5,0,0.0,0.0,0,0,0,0.0,8.5,0.0,0,Công ty Cổ phần Lilama 69-3,L63,UPCOM,2016-10-06,,0.0,,2019,2,27,222331000000.0
5853,3109,8.5,8.5,8.5,8.5,5000,0.0,0.0,0,0,0,42500000.0,8.5,0.0,0,Công ty Cổ phần Lilama 69-3,L63,UPCOM,2016-10-06,,0.0,,2019,2,28,263910000000.0
5852,3109,8.5,8.5,8.5,8.5,0,0.0,0.0,0,0,0,0.0,8.5,0.0,0,Công ty Cổ phần Lilama 69-3,L63,UPCOM,2016-10-06,,0.0,,2019,3,1,201710000000.0
5851,3109,8.5,8.5,8.5,8.5,0,0.0,0.0,0,0,0,0.0,8.5,0.0,0,Công ty Cổ phần Lilama 69-3,L63,UPCOM,2016-10-06,,0.0,,2019,3,4,273900000000.0
5850,3109,8.5,8.5,8.5,8.5,0,0.0,0.0,0,0,0,0.0,8.5,0.0,0,Công ty Cổ phần Lilama 69-3,L63,UPCOM,2016-10-06,,0.0,,2019,3,5,243333000000.0
5849,3109,8.5,8.5,8.5,8.5,0,0.0,0.0,0,0,0,0.0,8.5,0.0,0,Công ty Cổ phần Lilama 69-3,L63,UPCOM,2016-10-06,,0.0,,2019,3,6,179729000000.0
5848,3109,8.5,8.5,8.5,8.5,0,0.0,0.0,0,0,0,0.0,8.5,0.0,0,Công ty Cổ phần Lilama 69-3,L63,UPCOM,2016-10-06,,0.0,,2019,3,7,266511000000.0
5847,3109,8.5,8.5,8.5,8.5,0,0.0,0.0,0,0,0,0.0,8.5,0.0,0,Công ty Cổ phần Lilama 69-3,L63,UPCOM,2016-10-06,,0.0,,2019,3,8,250090000000.0
5846,3109,8.5,8.5,8.5,8.5,0,0.0,0.0,0,0,0,0.0,8.5,0.0,0,Công ty Cổ phần Lilama 69-3,L63,UPCOM,2016-10-06,,0.0,,2019,3,11,193530000000.0
5845,3109,8.5,8.5,8.5,8.5,0,0.0,0.0,0,0,0,0.0,8.5,0.0,0,Công ty Cổ phần Lilama 69-3,L63,UPCOM,2016-10-06,,0.0,,2019,3,12,317718000000.0
5844,3109,8.5,8.5,8.5,8.5,0,0.0,0.0,0,0,0,0.0,8.5,0.0,0,Công ty Cổ phần Lilama 69-3,L63,UPCOM,2016-10-06,,0.0,,2019,3,13,337767000000.0
5843,3109,8.5,8.5,8.5,8.5,0,0.0,0.0,0,0,0,0.0,8.5,0.0,0,Công ty Cổ phần Lilama 69-3,L63,UPCOM,2016-10-06,,0.0,,2019,3,14,258852000000.0
session_id,stock_id,open_price,close_price,high_price,low_price,volume_detail,ceiling_price,floor_price,buy_volume,sell_volume,net_volume,matched_value,adjust_price,change_percent,outstanding_share,name,code,stock_space,join_date,leave_date,init_price,category,year,month,day_of_month,volume_session
6090,3109,5.4,5.4,5.4,5.4,0,0.0,0.0,0,0,0,0.0,5.4,0.0,0,Công ty Cổ phần Lilama 69-3,L63,UPCOM,2016-10-06,,0.0,,2018,3,19,457517000000.0
6089,3109,5.4,5.4,5.4,5.4,0,0.0,0.0,0,0,0,0.0,5.4,0.0,0,Công ty Cổ phần Lilama 69-3,L63,UPCOM,2016-10-06,,0.0,,2018,3,20,510263000000.0
6088,3109,5.4,5.4,5.4,5.4,0,0.0,0.0,0,0,0,0.0,5.4,0.0,0,Công ty Cổ phần Lilama 69-3,L63,UPCOM,2016-10-06,,0.0,,2018,3,21,375582000000.0
6087,3109,6.1,6.1,6.1,6.1,5000,0.0,0.0,0,0,0,30500000.0,6.1,0.7,0,Công ty Cổ phần Lilama 69-3,L63,UPCOM,2016-10-06,,0.0,,2018,3,22,307740000000.0
6086,3109,6.1,6.1,6.1,6.1,0,0.0,0.0,0,0,0,0.0,6.1,0.0,0,Công ty Cổ phần Lilama 69-3,L63,UPCOM,2016-10-06,,0.0,,2018,3,23,447326000000.0
6085,3109,6.1,6.1,6.1,6.1,0,0.0,0.0,0,0,0,0.0,6.1,0.0,0,Công ty Cổ phần Lilama 69-3,L63,UPCOM,2016-10-06,,0.0,,2018,3,26,270119000000.0
6084,3109,6.1,6.1,6.1,6.1,0,0.0,0.0,0,0,0,0.0,6.1,0.0,0,Công ty Cổ phần Lilama 69-3,L63,UPCOM,2016-10-06,,0.0,,2018,3,27,281355000000.0
6083,3109,6.1,6.1,6.1,6.1,0,0.0,0.0,0,0,0,0.0,6.1,0.0,0,Công ty Cổ phần Lilama 69-3,L63,UPCOM,2016-10-06,,0.0,,2018,3,28,289755000000.0
6082,3109,6.1,6.1,6.1,6.1,0,0.0,0.0,0,0,0,0.0,6.1,0.0,0,Công ty Cổ phần Lilama 69-3,L63,UPCOM,2016-10-06,,0.0,,2018,3,29,314292000000.0
6081,3109,6.1,6.1,6.1,6.1,0,0.0,0.0,0,0,0,0.0,6.1,0.0,0,Công ty Cổ phần Lilama 69-3,L63,UPCOM,2016-10-06,,0.0,,2018,3,30,407626000000.0
6080,3109,6.1,6.1,6.1,6.1,0,0.0,0.0,0,0,0,0.0,6.1,0.0,0,Công ty Cổ phần Lilama 69-3,L63,UPCOM,2016-10-06,,0.0,,2018,4,2,329476000000.0
6079,3109,6.1,6.1,6.1,6.1,0,0.0,0.0,0,0,0,0.0,6.1,0.0,0,Công ty Cổ phần Lilama 69-3,L63,UPCOM,2016-10-06,,0.0,,2018,4,3,341510000000.0
6078,3109,6.1,6.1,6.1,6.1,0,0.0,0.0,0,0,0,0.0,6.1,0.0,0,Công ty Cổ phần Lilama 69-3,L63,UPCOM,2016-10-06,,0.0,,2018,4,4,704106000000.0
6077,3109,6.1,6.1,6.1,6.1,0,0.0,0.0,0,0,0,0.0,6.1,0.0,0,Công ty Cổ phần Lilama 69-3,L63,UPCOM,2016-10-06,,0.0,,2018,4,5,482800000000.0
6076,3109,6.1,6.1,6.1,6.1,0,0.0,0.0,0,0,0,0.0,6.1,0.0,0,Công ty Cổ phần Lilama 69-3,L63,UPCOM,2016-10-06,,0.0,,2018,4,6,536442000000.0
6075,3109,6.1,6.1,6.1,6.1,0,0.0,0.0,0,0,0,0.0,6.1,0.0,0,Công ty Cổ phần Lilama 69-3,L63,UPCOM,2016-10-06,,0.0,,2018,4,9,471107000000.0
6074,3109,7.0,7.0,7.0,7.0,100,0.0,0.0,0,0,0,700000.0,7.0,0.9,0,Công ty Cổ phần Lilama 69-3,L63,UPCOM,2016-10-06,,0.0,,2018,4,10,482949000000.0
6073,3109,8.0,8.0,8.0,8.0,900,0.0,0.0,0,0,0,7200000.0,8.0,1.0,0,Công ty Cổ phần Lilama 69-3,L63,UPCOM,2016-10-06,,0.0,,2018,4,11,385171000000.0
6072,3109,9.2,9.2,9.2,9.2,180,0.0,0.0,0,0,0,1488000.0,9.2,1.2,0,Công ty Cổ phần Lilama 69-3,L63,UPCOM,2016-10-06,,0.0,,2018,4,12,337386000000.0
6071,3109,10.5,10.5,10.5,10.5,100,0.0,0.0,0,0,0,1050000.0,10.5,1.3,0,Công ty Cổ phần Lilama 69-3,L63,UPCOM,2016-10-06,,0.0,,2018,4,13,372955000000.0
6070,3109,10.5,10.5,10.5,10.5,0,0.0,0.0,0,0,0,0.0,10.5,0.0,0,Công ty Cổ phần Lilama 69-3,L63,UPCOM,2016-10-06,,0.0,,2018,4,16,329836000000.0
6069,3109,11.7,11.7,11.7,11.7,100,0.0,0.0,0,0,0,1170000.0,11.7,1.2,0,Công ty Cổ phần Lilama 69-3,L63,UPCOM,2016-10-06,,0.0,,2018,4,17,216690000000.0
6068,3109,10.0,10.0,10.0,10.0,100,0.0,0.0,0,0,0,1000000.0,10.0,-1.7,0,Công ty Cổ phần Lilama 69-3,L63,UPCOM,2016-10-06,,0.0,,2018,4,18,231110000000.0
6067,3109,10.0,10.0,10.0,10.0,0,0.0,0.0,0,0,0,0.0,10.0,0.0,0,Công ty Cổ phần Lilama 69-3,L63,UPCOM,2016-10-06,,0.0,,2018,4,19,298195000000.0
6066,3109,11.5,11.5,11.5,11.5,100,0.0,0.0,0,0,0,1150000.0,11.5,1.5,0,Công ty Cổ phần Lilama 69-3,L63,UPCOM,2016-10-06,,0.0,,2018,4,20,214424000000.0
6065,3109,11.5,11.5,11.5,11.5,0,0.0,0.0,0,0,0,0.0,11.5,0.0,0,Công ty Cổ phần Lilama 69-3,L63,UPCOM,2016-10-06,,0.0,,2018,4,23,260301000000.0
6064,3109,11.5,11.5,11.5,11.5,0,0.0,0.0,0,0,0,0.0,11.5,0.0,0,Công ty Cổ phần Lilama 69-3,L63,UPCOM,2016-10-06,,0.0,,2018,4,24,242296000000.0
6063,3109,9.8,9.8,9.8,9.8,100,0.0,0.0,0,0,0,980000.0,9.8,-1.7,0,Công ty Cổ phần Lilama 69-3,L63,UPCOM,2016-10-06,,0.0,,2018,4,26,291753000000.0
6062,3109,8.4,8.4,8.4,8.4,100,0.0,0.0,0,0,0,840000.0,8.4,-1.4,0,Công ty Cổ phần Lilama 69-3,L63,UPCOM,2016-10-06,,0.0,,2018,4,27,186712000000.0
6061,3109,7.2,7.2,7.2,7.2,100,0.0,0.0,0,0,0,720000.0,7.2,-1.2,0,Công ty Cổ phần Lilama 69-3,L63,UPCOM,2016-10-06,,0.0,,2018,5,2,161144000000.0
6060,3109,6.2,6.2,6.2,6.2,100,0.0,0.0,0,0,0,620000.0,6.2,-1.0,0,Công ty Cổ phần Lilama 69-3,L63,UPCOM,2016-10-06,,0.0,,2018,5,3,256732000000.0
6059,3109,6.2,6.2,6.2,6.2,0,0.0,0.0,0,0,0,0.0,6.2,0.0,0,Công ty Cổ phần Lilama 69-3,L63,UPCOM,2016-10-06,,0.0,,2018,5,4,180900000000.0
6058,3109,6.2,6.2,6.2,6.2,0,0.0,0.0,0,0,0,0.0,6.2,0.0,0,Công ty Cổ phần Lilama 69-3,L63,UPCOM,2016-10-06,,0.0,,2018,5,7,194639000000.0
6057,3109,6.2,6.2,6.2,6.2,0,0.0,0.0,0,0,0,0.0,6.2,0.0,0,Công ty Cổ phần Lilama 69-3,L63,UPCOM,2016-10-06,,0.0,,2018,5,8,213759000000.0
6056,3109,6.2,6.2,6.2,6.2,0,0.0,0.0,0,0,0,0.0,6.2,0.0,0,Công ty Cổ phần Lilama 69-3,L63,UPCOM,2016-10-06,,0.0,,2018,5,9,175642000000.0
6055,3109,6.2,6.2,6.2,6.2,0,0.0,0.0,0,0,0,0.0,6.2,0.0,0,Công ty Cổ phần Lilama 69-3,L63,UPCOM,2016-10-06,,0.0,,2018,5,10,252321000000.0
6054,3109,6.2,6.2,6.2,6.2,0,0.0,0.0,0,0,0,0.0,6.2,0.0,0,Công ty Cổ phần Lilama 69-3,L63,UPCOM,2016-10-06,,0.0,,2018,5,11,193978000000.0
6053,3109,6.2,6.2,6.2,6.2,0,0.0,0.0,0,0,0,0.0,6.2,0.0,0,Công ty Cổ phần Lilama 69-3,L63,UPCOM,2016-10-06,,0.0,,2018,5,14,171623000000.0
6052,3109,6.2,6.2,6.2,6.2,0,0.0,0.0,0,0,0,0.0,6.2,0.0,0,Công ty Cổ phần Lilama 69-3,L63,UPCOM,2016-10-06,,0.0,,2018,5,15,205476000000.0
6051,3109,6.2,6.2,6.2,6.2,0,0.0,0.0,0,0,0,0.0,6.2,0.0,0,Công ty Cổ phần Lilama 69-3,L63,UPCOM,2016-10-06,,0.0,,2018,5,16,168488000000.0
6050,3109,6.2,6.2,6.2,6.2,0,0.0,0.0,0,0,0,0.0,6.2,0.0,0,Công ty Cổ phần Lilama 69-3,L63,UPCOM,2016-10-06,,0.0,,2018,5,17,164163000000.0
6049,3109,6.2,6.2,6.2,6.2,0,0.0,0.0,0,0,0,0.0,6.2,0.0,0,Công ty Cổ phần Lilama 69-3,L63,UPCOM,2016-10-06,,0.0,,2018,5,18,229686000000.0
6048,3109,6.2,6.2,6.2,6.2,0,0.0,0.0,0,0,0,0.0,6.2,0.0,0,Công ty Cổ phần Lilama 69-3,L63,UPCOM,2016-10-06,,0.0,,2018,5,21,207402000000.0
6047,3109,6.2,6.2,6.2,6.2,0,0.0,0.0,0,0,0,0.0,6.2,0.0,0,Công ty Cổ phần Lilama 69-3,L63,UPCOM,2016-10-06,,0.0,,2018,5,22,254917000000.0
6046,3109,7.1,7.1,7.1,7.1,3400,0.0,0.0,0,0,0,24140000.0,7.1,0.9,0,Công ty Cổ phần Lilama 69-3,L63,UPCOM,2016-10-06,,0.0,,2018,5,23,163972000000.0
6045,3109,7.1,7.1,7.1,7.1,52,0.0,0.0,0,0,0,322400.0,7.1,0.0,0,Công ty Cổ phần Lilama 69-3,L63,UPCOM,2016-10-06,,0.0,,2018,5,24,103130000000.0
6044,3109,7.1,7.1,7.1,7.1,0,0.0,0.0,0,0,0,0.0,7.1,0.0,0,Công ty Cổ phần Lilama 69-3,L63,UPCOM,2016-10-06,,0.0,,2018,5,25,154236000000.0
6043,3109,7.1,7.1,7.1,7.1,0,0.0,0.0,0,0,0,0.0,7.1,0.0,0,Công ty Cổ phần Lilama 69-3,L63,UPCOM,2016-10-06,,0.0,,2018,5,28,212525000000.0
6042,3109,7.1,7.1,7.1,7.1,0,0.0,0.0,0,0,0,0.0,7.1,0.0,0,Công ty Cổ phần Lilama 69-3,L63,UPCOM,2016-10-06,,0.0,,2018,5,29,181066000000.0
6041,3109,7.1,7.1,7.1,7.1,0,0.0,0.0,0,0,0,0.0,7.1,0.0,0,Công ty Cổ phần Lilama 69-3,L63,UPCOM,2016-10-06,,0.0,,2018,5,30,108042000000.0
6040,3109,7.1,7.1,7.1,7.1,0,0.0,0.0,0,0,0,0.0,7.1,0.0,0,Công ty Cổ phần Lilama 69-3,L63,UPCOM,2016-10-06,,0.0,,2018,5,31,165076000000.0
6039,3109,7.1,7.1,7.1,7.1,0,0.0,0.0,0,0,0,0.0,7.1,0.0,0,Công ty Cổ phần Lilama 69-3,L63,UPCOM,2016-10-06,,0.0,,2018,6,1,141279000000.0
6038,3109,7.1,7.1,7.1,7.1,0,0.0,0.0,0,0,0,0.0,7.1,0.0,0,Công ty Cổ phần Lilama 69-3,L63,UPCOM,2016-10-06,,0.0,,2018,6,4,167155000000.0
6037,3109,7.1,7.1,7.1,7.1,0,0.0,0.0,0,0,0,0.0,7.1,0.0,0,Công ty Cổ phần Lilama 69-3,L63,UPCOM,2016-10-06,,0.0,,2018,6,5,241775000000.0
6036,3109,7.1,7.1,7.1,7.1,0,0.0,0.0,0,0,0,0.0,7.1,0.0,0,Công ty Cổ phần Lilama 69-3,L63,UPCOM,2016-10-06,,0.0,,2018,6,6,158988000000.0
6035,3109,7.1,7.1,7.1,7.1,0,0.0,0.0,0,0,0,0.0,7.1,0.0,0,Công ty Cổ phần Lilama 69-3,L63,UPCOM,2016-10-06,,0.0,,2018,6,7,185739000000.0
6034,3109,7.1,7.1,7.1,7.1,0,0.0,0.0,0,0,0,0.0,7.1,0.0,0,Công ty Cổ phần Lilama 69-3,L63,UPCOM,2016-10-06,,0.0,,2018,6,8,221609000000.0
6033,3109,7.1,7.1,7.1,7.1,0,0.0,0.0,0,0,0,0.0,7.1,0.0,0,Công ty Cổ phần Lilama 69-3,L63,UPCOM,2016-10-06,,0.0,,2018,6,11,154396000000.0
6032,3109,7.1,7.1,7.1,7.1,0,0.0,0.0,0,0,0,0.0,7.1,0.0,0,Công ty Cổ phần Lilama 69-3,L63,UPCOM,2016-10-06,,0.0,,2018,6,12,153771000000.0
6031,3109,7.1,7.1,7.1,7.1,0,0.0,0.0,0,0,0,0.0,7.1,0.0,0,Công ty Cổ phần Lilama 69-3,L63,UPCOM,2016-10-06,,0.0,,2018,6,13,105797000000.0
6030,3109,7.1,7.1,7.1,7.1,100,0.0,0.0,0,0,0,710000.0,7.1,0.0,0,Công ty Cổ phần Lilama 69-3,L63,UPCOM,2016-10-06,,0.0,,2018,6,14,111600000000.0
6029,3109,7.1,7.1,7.1,7.1,0,0.0,0.0,0,0,0,0.0,7.1,0.0,0,Công ty Cổ phần Lilama 69-3,L63,UPCOM,2016-10-06,,0.0,,2018,6,15,99085100000.0
6028,3109,7.1,7.1,7.1,7.1,0,0.0,0.0,0,0,0,0.0,7.1,0.0,0,Công ty Cổ phần Lilama 69-3,L63,UPCOM,2016-10-06,,0.0,,2018,6,18,142619000000.0
6027,3109,6.1,6.1,6.1,6.1,4000,0.0,0.0,0,0,0,24400000.0,6.1,-1.0,0,Công ty Cổ phần Lilama 69-3,L63,UPCOM,2016-10-06,,0.0,,2018,6,19,228273000000.0
6026,3109,7.0,7.0,7.0,7.0,1700,0.0,0.0,0,0,0,11900000.0,7.0,0.9,0,Công ty Cổ phần Lilama 69-3,L63,UPCOM,2016-10-06,,0.0,,2018,6,20,121509000000.0
6025,3109,7.0,7.0,7.0,7.0,0,0.0,0.0,0,0,0,0.0,7.0,0.0,0,Công ty Cổ phần Lilama 69-3,L63,UPCOM,2016-10-06,,0.0,,2018,6,21,160408000000.0
6024,3109,7.0,7.0,7.0,7.0,0,0.0,0.0,0,0,0,0.0,7.0,0.0,0,Công ty Cổ phần Lilama 69-3,L63,UPCOM,2016-10-06,,0.0,,2018,6,22,121960000000.0
6023,3109,7.0,7.0,7.0,7.0,0,0.0,0.0,0,0,0,0.0,7.0,0.0,0,Công ty Cổ phần Lilama 69-3,L63,UPCOM,2016-10-06,,0.0,,2018,6,25,136070000000.0
6022,3109,7.0,7.0,7.0,7.0,0,0.0,0.0,0,0,0,0.0,7.0,0.0,0,Công ty Cổ phần Lilama 69-3,L63,UPCOM,2016-10-06,,0.0,,2018,6,26,139221000000.0
6021,3109,7.0,7.0,7.0,7.0,0,0.0,0.0,0,0,0,0.0,7.0,0.0,0,Công ty Cổ phần Lilama 69-3,L63,UPCOM,2016-10-06,,0.0,,2018,6,27,163549000000.0
6020,3109,7.0,7.0,7.0,7.0,0,0.0,0.0,0,0,0,0.0,7.0,0.0,0,Công ty Cổ phần Lilama 69-3,L63,UPCOM,2016-10-06,,0.0,,2018,6,28,171898000000.0
6019,3109,7.1,7.1,7.1,7.1,5001,0.0,0.0,0,0,0,35507000.0,7.1,0.1,0,Công ty Cổ phần Lilama 69-3,L63,UPCOM,2016-10-06,,0.0,,2018,6,29,181743000000.0
6018,3109,7.1,7.1,7.1,7.1,1200,0.0,0.0,0,0,0,8520000.0,7.1,0.0,0,Công ty Cổ phần Lilama 69-3,L63,UPCOM,2016-10-06,,0.0,,2018,7,2,164764000000.0
6017,3109,7.1,7.1,7.1,7.1,10,0.0,0.0,0,0,0,80000.0,7.1,0.0,0,Công ty Cổ phần Lilama 69-3,L63,UPCOM,2016-10-06,,0.0,,2018,7,3,167381000000.0
6016,3109,7.1,7.1,7.1,7.1,0,0.0,0.0,0,0,0,0.0,7.1,0.0,0,Công ty Cổ phần Lilama 69-3,L63,UPCOM,2016-10-06,,0.0,,2018,7,4,147582000000.0
6015,3109,7.1,7.1,7.1,7.1,0,0.0,0.0,0,0,0,0.0,7.1,0.0,0,Công ty Cổ phần Lilama 69-3,L63,UPCOM,2016-10-06,,0.0,,2018,7,5,164668000000.0
6014,3109,7.1,7.1,7.1,7.1,0,0.0,0.0,0,0,0,0.0,7.1,0.0,0,Công ty Cổ phần Lilama 69-3,L63,UPCOM,2016-10-06,,0.0,,2018,7,6,142097000000.0
6013,3109,7.1,7.1,7.1,7.1,0,0.0,0.0,0,0,0,0.0,7.1,0.0,0,Công ty Cổ phần Lilama 69-3,L63,UPCOM,2016-10-06,,0.0,,2018,7,9,123769000000.0
6012,3109,7.1,7.1,7.1,7.1,0,0.0,0.0,0,0,0,0.0,7.1,0.0,0,Công ty Cổ phần Lilama 69-3,L63,UPCOM,2016-10-06,,0.0,,2018,7,10,141183000000.0
6011,3109,7.1,7.1,7.1,7.1,0,0.0,0.0,0,0,0,0.0,7.1,0.0,0,Công ty Cổ phần Lilama 69-3,L63,UPCOM,2016-10-06,,0.0,,2018,7,11,203716000000.0
6010,3109,7.1,7.1,7.1,7.1,0,0.0,0.0,0,0,0,0.0,7.1,0.0,0,Công ty Cổ phần Lilama 69-3,L63,UPCOM,2016-10-06,,0.0,,2018,7,12,138282000000.0
6009,3109,7.1,7.1,7.1,7.1,0,0.0,0.0,0,0,0,0.0,7.1,0.0,0,Công ty Cổ phần Lilama 69-3,L63,UPCOM,2016-10-06,,0.0,,2018,7,13,132050000000.0
6008,3109,7.1,7.1,7.1,7.1,0,0.0,0.0,0,0,0,0.0,7.1,0.0,0,Công ty Cổ phần Lilama 69-3,L63,UPCOM,2016-10-06,,0.0,,2018,7,16,119523000000.0
6007,3109,8.1,8.1,8.1,8.1,5900,0.0,0.0,0,0,0,47790000.0,8.1,1.0,0,Công ty Cổ phần Lilama 69-3,L63,UPCOM,2016-10-06,,0.0,,2018,7,17,100077000000.0
6006,3109,8.1,8.1,8.1,8.1,0,0.0,0.0,0,0,0,0.0,8.1,0.0,0,Công ty Cổ phần Lilama 69-3,L63,UPCOM,2016-10-06,,0.0,,2018,7,18,165487000000.0
6005,3109,7.5,7.5,7.5,7.5,2000,0.0,0.0,0,0,0,15000000.0,7.5,-0.6,0,Công ty Cổ phần Lilama 69-3,L63,UPCOM,2016-10-06,,0.0,,2018,7,19,204805000000.0
6004,3109,6.6,6.6,6.6,6.6,500,0.0,0.0,0,0,0,3300000.0,6.6,-0.9,0,Công ty Cổ phần Lilama 69-3,L63,UPCOM,2016-10-06,,0.0,,2018,7,20,153693000000.0
6003,3109,6.6,6.6,6.6,6.6,0,0.0,0.0,0,0,0,0.0,6.6,0.0,0,Công ty Cổ phần Lilama 69-3,L63,UPCOM,2016-10-06,,0.0,,2018,7,23,228656000000.0
6002,3109,6.6,6.6,6.6,6.6,0,0.0,0.0,0,0,0,0.0,6.6,0.0,0,Công ty Cổ phần Lilama 69-3,L63,UPCOM,2016-10-06,,0.0,,2018,7,24,157257000000.0
6001,3109,6.6,6.6,6.6,6.6,0,0.0,0.0,0,0,0,0.0,6.6,0.0,0,Công ty Cổ phần Lilama 69-3,L63,UPCOM,2016-10-06,,0.0,,2018,7,25,153545000000.0
6000,3109,7.0,7.0,7.0,7.0,100,0.0,0.0,0,0,0,700000.0,7.0,0.4,0,Công ty Cổ phần Lilama 69-3,L63,UPCOM,2016-10-06,,0.0,,2018,7,26,104518000000.0
5999,3109,7.0,7.0,7.0,7.0,0,0.0,0.0,0,0,0,0.0,7.0,0.0,0,Công ty Cổ phần Lilama 69-3,L63,UPCOM,2016-10-06,,0.0,,2018,7,27,191445000000.0
5998,3109,7.0,7.0,7.0,7.0,0,0.0,0.0,0,0,0,0.0,7.0,0.0,0,Công ty Cổ phần Lilama 69-3,L63,UPCOM,2016-10-06,,0.0,,2018,7,30,205015000000.0
5997,3109,7.0,7.0,7.0,7.0,0,0.0,0.0,0,0,0,0.0,7.0,0.0,0,Công ty Cổ phần Lilama 69-3,L63,UPCOM,2016-10-06,,0.0,,2018,7,31,176346000000.0
5996,3109,7.0,7.0,7.0,7.0,0,0.0,0.0,0,0,0,0.0,7.0,0.0,0,Công ty Cổ phần Lilama 69-3,L63,UPCOM,2016-10-06,,0.0,,2018,8,1,259236000000.0
5995,3109,7.0,7.0,7.0,7.0,0,0.0,0.0,0,0,0,0.0,7.0,0.0,0,Công ty Cổ phần Lilama 69-3,L63,UPCOM,2016-10-06,,0.0,,2018,8,2,272125000000.0
5994,3109,7.0,7.0,7.0,7.0,0,0.0,0.0,0,0,0,0.0,7.0,0.0,0,Công ty Cổ phần Lilama 69-3,L63,UPCOM,2016-10-06,,0.0,,2018,8,3,271474000000.0
5993,3109,7.0,7.0,7.0,7.0,0,0.0,0.0,0,0,0,0.0,7.0,0.0,0,Công ty Cổ phần Lilama 69-3,L63,UPCOM,2016-10-06,,0.0,,2018,8,6,257771000000.0
5992,3109,7.0,7.0,7.0,7.0,0,0.0,0.0,0,0,0,0.0,7.0,0.0,0,Công ty Cổ phần Lilama 69-3,L63,UPCOM,2016-10-06,,0.0,,2018,8,7,201054000000.0
5991,3109,8.0,6.0,8.0,6.0,12100,0.0,0.0,0,0,0,96600000.0,6.0,-1.0,0,Công ty Cổ phần Lilama 69-3,L63,UPCOM,2016-10-06,,0.0,,2018,8,8,282224000000.0
5990,3109,7.0,7.0,7.0,7.0,100,0.0,0.0,0,0,0,700000.0,7.0,-1.0,0,Công ty Cổ phần Lilama 69-3,L63,UPCOM,2016-10-06,,0.0,,2018,8,9,348608000000.0
5989,3109,7.0,7.0,7.0,7.0,0,0.0,0.0,0,0,0,0.0,7.0,0.0,0,Công ty Cổ phần Lilama 69-3,L63,UPCOM,2016-10-06,,0.0,,2018,8,10,171079000000.0
5988,3109,7.0,7.0,7.0,7.0,0,0.0,0.0,0,0,0,0.0,7.0,0.0,0,Công ty Cổ phần Lilama 69-3,L63,UPCOM,2016-10-06,,0.0,,2018,8,13,233490000000.0
5987,3109,7.0,7.0,7.0,7.0,0,0.0,0.0,0,0,0,0.0,7.0,0.0,0,Công ty Cổ phần Lilama 69-3,L63,UPCOM,2016-10-06,,0.0,,2018,8,14,237380000000.0
5986,3109,7.0,7.0,7.0,7.0,0,0.0,0.0,0,0,0,0.0,7.0,0.0,0,Công ty Cổ phần Lilama 69-3,L63,UPCOM,2016-10-06,,0.0,,2018,8,15,305094000000.0
5985,3109,7.0,7.0,7.0,7.0,0,0.0,0.0,0,0,0,0.0,7.0,0.0,0,Công ty Cổ phần Lilama 69-3,L63,UPCOM,2016-10-06,,0.0,,2018,8,16,239287000000.0
5984,3109,7.0,7.0,7.0,7.0,0,0.0,0.0,0,0,0,0.0,7.0,0.0,0,Công ty Cổ phần Lilama 69-3,L63,UPCOM,2016-10-06,,0.0,,2018,8,17,199548000000.0
5983,3109,7.0,7.0,7.0,7.0,0,0.0,0.0,0,0,0,0.0,7.0,0.0,0,Công ty Cổ phần Lilama 69-3,L63,UPCOM,2016-10-06,,0.0,,2018,8,20,220682000000.0
5982,3109,7.0,7.0,7.0,7.0,0,0.0,0.0,0,0,0,0.0,7.0,0.0,0,Công ty Cổ phần Lilama 69-3,L63,UPCOM,2016-10-06,,0.0,,2018,8,21,191868000000.0
5981,3109,7.0,7.0,7.0,7.0,0,0.0,0.0,0,0,0,0.0,7.0,0.0,0,Công ty Cổ phần Lilama 69-3,L63,UPCOM,2016-10-06,,0.0,,2018,8,22,164132000000.0
5980,3109,7.0,7.0,7.0,7.0,0,0.0,0.0,0,0,0,0.0,7.0,0.0,0,Công ty Cổ phần Lilama 69-3,L63,UPCOM,2016-10-06,,0.0,,2018,8,23,168431000000.0
5979,3109,7.0,7.0,7.0,7.0,0,0.0,0.0,0,0,0,0.0,7.0,0.0,0,Công ty Cổ phần Lilama 69-3,L63,UPCOM,2016-10-06,,0.0,,2018,8,24,147144000000.0
5978,3109,7.0,7.0,7.0,7.0,0,0.0,0.0,0,0,0,0.0,7.0,0.0,0,Công ty Cổ phần Lilama 69-3,L63,UPCOM,2016-10-06,,0.0,,2018,8,27,177376000000.0
5977,3109,7.0,7.0,7.0,7.0,0,0.0,0.0,0,0,0,0.0,7.0,0.0,0,Công ty Cổ phần Lilama 69-3,L63,UPCOM,2016-10-06,,0.0,,2018,8,28,153095000000.0
5976,3109,7.0,7.0,7.0,7.0,0,0.0,0.0,0,0,0,0.0,7.0,0.0,0,Công ty Cổ phần Lilama 69-3,L63,UPCOM,2016-10-06,,0.0,,2018,8,29,198209000000.0
5975,3109,7.0,7.0,7.0,7.0,0,0.0,0.0,0,0,0,0.0,7.0,0.0,0,Công ty Cổ phần Lilama 69-3,L63,UPCOM,2016-10-06,,0.0,,2018,8,30,214836000000.0
5974,3109,7.0,7.0,7.0,7.0,0,0.0,0.0,0,0,0,0.0,7.0,0.0,0,Công ty Cổ phần Lilama 69-3,L63,UPCOM,2016-10-06,,0.0,,2018,8,31,256179000000.0
5973,3109,7.0,7.0,7.0,7.0,0,0.0,0.0,0,0,0,0.0,7.0,0.0,0,Công ty Cổ phần Lilama 69-3,L63,UPCOM,2016-10-06,,0.0,,2018,9,4,162057000000.0
5972,3109,7.0,7.0,7.0,7.0,0,0.0,0.0,0,0,0,0.0,7.0,0.0,0,Công ty Cổ phần Lilama 69-3,L63,UPCOM,2016-10-06,,0.0,,2018,9,5,165489000000.0
5971,3109,7.0,7.0,7.0,7.0,0,0.0,0.0,0,0,0,0.0,7.0,0.0,0,Công ty Cổ phần Lilama 69-3,L63,UPCOM,2016-10-06,,0.0,,2018,9,6,140383000000.0
5970,3109,7.0,7.0,7.0,7.0,0,0.0,0.0,0,0,0,0.0,7.0,0.0,0,Công ty Cổ phần Lilama 69-3,L63,UPCOM,2016-10-06,,0.0,,2018,9,7,164869000000.0
5969,3109,7.0,7.0,7.0,7.0,0,0.0,0.0,0,0,0,0.0,7.0,0.0,0,Công ty Cổ phần Lilama 69-3,L63,UPCOM,2016-10-06,,0.0,,2018,9,10,153000000000.0
5968,3109,7.0,7.0,7.0,7.0,0,0.0,0.0,0,0,0,0.0,7.0,0.0,0,Công ty Cổ phần Lilama 69-3,L63,UPCOM,2016-10-06,,0.0,,2018,9,11,231000000000.0
5967,3109,8.0,8.0,8.0,8.0,8611,0.0,0.0,0,0,0,68868000.0,8.0,1.0,0,Công ty Cổ phần Lilama 69-3,L63,UPCOM,2016-10-06,,0.0,,2018,9,12,245491000000.0
5966,3109,7.5,7.5,7.5,7.5,534,0.0,0.0,0,0,0,3991400.0,7.5,-0.5,0,Công ty Cổ phần Lilama 69-3,L63,UPCOM,2016-10-06,,0.0,,2018,9,13,196000000000.0
5965,3109,7.5,7.5,7.5,7.5,0,0.0,0.0,0,0,0,0.0,7.5,0.0,0,Công ty Cổ phần Lilama 69-3,L63,UPCOM,2016-10-06,,0.0,,2018,9,14,193550000000.0
5964,3109,8.0,8.0,8.0,8.0,3710,0.0,0.0,0,0,0,29664000.0,8.0,0.5,0,Công ty Cổ phần Lilama 69-3,L63,UPCOM,2016-10-06,,0.0,,2018,9,17,210344000000.0
session_id,stock_id,open_price,close_price,high_price,low_price,volume_detail,ceiling_price,floor_price,buy_volume,sell_volume,net_volume,matched_value,adjust_price,change_percent,outstanding_share,name,code,stock_space,join_date,leave_date,init_price,category,year,month,day_of_month,volume_session
6230,3109,5.5,5.5,5.5,5.5,0,0.0,0.0,0,0,0,0.0,4.88,0.0,0,Công ty Cổ phần Lilama 69-3,L63,UPCOM,2016-10-06,,0.0,,2017,8,21,87176800000.0
6229,3109,5.5,5.5,5.5,5.5,0,0.0,0.0,0,0,0,0.0,4.88,0.0,0,Công ty Cổ phần Lilama 69-3,L63,UPCOM,2016-10-06,,0.0,,2017,8,22,108140000000.0
6228,3109,5.5,5.5,5.5,5.5,0,0.0,0.0,0,0,0,0.0,4.88,0.0,0,Công ty Cổ phần Lilama 69-3,L63,UPCOM,2016-10-06,,0.0,,2017,8,23,73028800000.0
6227,3109,5.5,5.5,5.5,5.5,0,0.0,0.0,0,0,0,0.0,4.88,0.0,0,Công ty Cổ phần Lilama 69-3,L63,UPCOM,2016-10-06,,0.0,,2017,8,24,107417000000.0
6226,3109,5.5,5.5,5.5,5.5,0,0.0,0.0,0,0,0,0.0,4.88,0.0,0,Công ty Cổ phần Lilama 69-3,L63,UPCOM,2016-10-06,,0.0,,2017,8,25,141757000000.0
6225,3109,5.5,5.5,5.5,5.5,1500,0.0,0.0,0,0,0,8250000.0,4.88,0.0,0,Công ty Cổ phần Lilama 69-3,L63,UPCOM,2016-10-06,,0.0,,2017,8,28,214553000000.0
6224,3109,5.5,5.5,5.5,5.5,0,0.0,0.0,0,0,0,0.0,4.88,0.0,0,Công ty Cổ phần Lilama 69-3,L63,UPCOM,2016-10-06,,0.0,,2017,8,29,102884000000.0
6223,3109,5.5,5.5,5.5,5.5,0,0.0,0.0,0,0,0,0.0,4.88,0.0,0,Công ty Cổ phần Lilama 69-3,L63,UPCOM,2016-10-06,,0.0,,2017,8,30,172284000000.0
6222,3109,5.5,5.5,5.5,5.5,0,0.0,0.0,0,0,0,0.0,4.88,0.0,0,Công ty Cổ phần Lilama 69-3,L63,UPCOM,2016-10-06,,0.0,,2017,8,31,147215000000.0
6221,3109,5.5,5.5,5.5,5.5,0,0.0,0.0,0,0,0,0.0,4.88,0.0,0,Công ty Cổ phần Lilama 69-3,L63,UPCOM,2016-10-06,,0.0,,2017,9,1,125900000000.0
6220,3109,5.5,5.5,5.5,5.5,0,0.0,0.0,0,0,0,0.0,4.88,0.0,0,Công ty Cổ phần Lilama 69-3,L63,UPCOM,2016-10-06,,0.0,,2017,9,5,165262000000.0
6219,3109,5.0,5.0,5.0,5.0,500,0.0,0.0,0,0,0,2500000.0,4.43,-0.5,0,Công ty Cổ phần Lilama 69-3,L63,UPCOM,2016-10-06,,0.0,,2017,9,7,172939000000.0
6218,3109,5.0,5.0,5.0,5.0,0,0.0,0.0,0,0,0,0.0,4.43,0.0,0,Công ty Cổ phần Lilama 69-3,L63,UPCOM,2016-10-06,,0.0,,2017,9,8,103955000000.0
6217,3109,5.0,5.0,5.0,5.0,7,0.0,0.0,0,0,0,30800.0,4.43,0.0,0,Công ty Cổ phần Lilama 69-3,L63,UPCOM,2016-10-06,,0.0,,2017,9,12,140547000000.0
6216,3109,5.0,5.0,5.0,5.0,0,0.0,0.0,0,0,0,0.0,4.43,0.0,0,Công ty Cổ phần Lilama 69-3,L63,UPCOM,2016-10-06,,0.0,,2017,9,13,115703000000.0
6215,3109,5.0,5.0,5.0,5.0,0,0.0,0.0,0,0,0,0.0,4.43,0.0,0,Công ty Cổ phần Lilama 69-3,L63,UPCOM,2016-10-06,,0.0,,2017,9,14,88862500000.0
6214,3109,5.0,5.0,5.0,5.0,0,0.0,0.0,0,0,0,0.0,4.43,0.0,0,Công ty Cổ phần Lilama 69-3,L63,UPCOM,2016-10-06,,0.0,,2017,9,15,116406000000.0
6213,3109,4.7,4.7,4.7,4.7,0,0.0,0.0,0,0,0,0.0,4.43,0.0,0,Công ty Cổ phần Lilama 69-3,L63,UPCOM,2016-10-06,,0.0,,2017,9,18,132131000000.0
6212,3109,4.7,4.7,4.7,4.7,0,0.0,0.0,0,0,0,0.0,4.43,0.0,0,Công ty Cổ phần Lilama 69-3,L63,UPCOM,2016-10-06,,0.0,,2017,9,19,123471000000.0
6211,3109,4.7,4.7,4.7,4.7,0,0.0,0.0,0,0,0,0.0,4.43,0.0,0,Công ty Cổ phần Lilama 69-3,L63,UPCOM,2016-10-06,,0.0,,2017,9,20,140256000000.0
6210,3109,4.7,4.7,4.7,4.7,0,0.0,0.0,0,0,0,0.0,4.43,0.0,0,Công ty Cổ phần Lilama 69-3,L63,UPCOM,2016-10-06,,0.0,,2017,9,21,105093000000.0
6209,3109,4.7,4.7,4.7,4.7,0,0.0,0.0,0,0,0,0.0,4.43,0.0,0,Công ty Cổ phần Lilama 69-3,L63,UPCOM,2016-10-06,,0.0,,2017,9,22,123569000000.0
6208,3109,4.7,4.7,4.7,4.7,0,0.0,0.0,0,0,0,0.0,4.43,0.0,0,Công ty Cổ phần Lilama 69-3,L63,UPCOM,2016-10-06,,0.0,,2017,9,25,114079000000.0
6207,3109,4.7,4.7,4.7,4.7,0,0.0,0.0,0,0,0,0.0,4.43,0.0,0,Công ty Cổ phần Lilama 69-3,L63,UPCOM,2016-10-06,,0.0,,2017,9,26,85419900000.0
6206,3109,4.7,4.7,4.7,4.7,0,0.0,0.0,0,0,0,0.0,4.43,0.0,0,Công ty Cổ phần Lilama 69-3,L63,UPCOM,2016-10-06,,0.0,,2017,9,27,97640800000.0
6205,3109,4.7,4.7,4.7,4.7,0,0.0,0.0,0,0,0,0.0,4.43,0.0,0,Công ty Cổ phần Lilama 69-3,L63,UPCOM,2016-10-06,,0.0,,2017,9,28,168701000000.0
6204,3109,4.7,4.7,4.7,4.7,0,0.0,0.0,0,0,0,0.0,4.43,0.0,0,Công ty Cổ phần Lilama 69-3,L63,UPCOM,2016-10-06,,0.0,,2017,9,29,131390000000.0
6203,3109,4.7,4.7,4.7,4.7,0,0.0,0.0,0,0,0,0.0,4.43,0.0,0,Công ty Cổ phần Lilama 69-3,L63,UPCOM,2016-10-06,,0.0,,2017,10,2,150262000000.0
6202,3109,4.7,4.7,4.7,4.7,0,0.0,0.0,0,0,0,0.0,4.43,0.0,0,Công ty Cổ phần Lilama 69-3,L63,UPCOM,2016-10-06,,0.0,,2017,10,3,171955000000.0
6201,3109,4.7,4.7,4.7,4.7,0,0.0,0.0,0,0,0,0.0,4.43,0.0,0,Công ty Cổ phần Lilama 69-3,L63,UPCOM,2016-10-06,,0.0,,2017,10,4,136850000000.0
6200,3109,4.7,4.7,4.7,4.7,0,0.0,0.0,0,0,0,0.0,4.43,0.0,0,Công ty Cổ phần Lilama 69-3,L63,UPCOM,2016-10-06,,0.0,,2017,10,5,241375000000.0
6199,3109,5.0,5.0,5.0,5.0,200,0.0,0.0,0,0,0,1000000.0,4.72,0.3,0,Công ty Cổ phần Lilama 69-3,L63,UPCOM,2016-10-06,,0.0,,2017,10,6,142710000000.0
6198,3109,5.0,5.0,5.0,5.0,0,0.0,0.0,0,0,0,0.0,4.72,0.0,0,Công ty Cổ phần Lilama 69-3,L63,UPCOM,2016-10-06,,0.0,,2017,10,9,123044000000.0
6197,3109,5.0,5.0,5.0,5.0,0,0.0,0.0,0,0,0,0.0,4.72,0.0,0,Công ty Cổ phần Lilama 69-3,L63,UPCOM,2016-10-06,,0.0,,2017,10,10,191578000000.0
6196,3109,5.0,5.0,5.0,5.0,40,0.0,0.0,0,0,0,172000.0,4.72,0.0,0,Công ty Cổ phần Lilama 69-3,L63,UPCOM,2016-10-06,,0.0,,2017,10,11,231119000000.0
6195,3109,5.0,5.0,5.0,5.0,75,0.0,0.0,0,0,0,322500.0,4.72,0.0,0,Công ty Cổ phần Lilama 69-3,L63,UPCOM,2016-10-06,,0.0,,2017,10,12,237774000000.0
6194,3109,5.0,5.0,5.0,5.0,0,0.0,0.0,0,0,0,0.0,4.72,0.0,0,Công ty Cổ phần Lilama 69-3,L63,UPCOM,2016-10-06,,0.0,,2017,10,13,178011000000.0
6193,3109,5.0,5.0,5.0,5.0,0,0.0,0.0,0,0,0,0.0,4.72,0.0,0,Công ty Cổ phần Lilama 69-3,L63,UPCOM,2016-10-06,,0.0,,2017,10,16,419847000000.0
6192,3109,5.0,5.0,5.0,5.0,0,0.0,0.0,0,0,0,0.0,4.72,0.0,0,Công ty Cổ phần Lilama 69-3,L63,UPCOM,2016-10-06,,0.0,,2017,10,18,178005000000.0
6191,3109,5.5,5.5,5.5,5.5,100,0.0,0.0,0,0,0,550000.0,5.19,0.5,0,Công ty Cổ phần Lilama 69-3,L63,UPCOM,2016-10-06,,0.0,,2017,10,19,166331000000.0
6190,3109,5.5,5.5,5.5,5.5,0,0.0,0.0,0,0,0,0.0,5.19,0.0,0,Công ty Cổ phần Lilama 69-3,L63,UPCOM,2016-10-06,,0.0,,2017,10,20,132926000000.0
6189,3109,5.5,5.5,5.5,5.5,0,0.0,0.0,0,0,0,0.0,5.19,0.0,0,Công ty Cổ phần Lilama 69-3,L63,UPCOM,2016-10-06,,0.0,,2017,10,23,396730000000.0
6188,3109,5.5,5.5,5.5,5.5,0,0.0,0.0,0,0,0,0.0,5.19,0.0,0,Công ty Cổ phần Lilama 69-3,L63,UPCOM,2016-10-06,,0.0,,2017,10,24,145272000000.0
6187,3109,5.5,5.5,5.5,5.5,0,0.0,0.0,0,0,0,0.0,5.19,0.0,0,Công ty Cổ phần Lilama 69-3,L63,UPCOM,2016-10-06,,0.0,,2017,10,25,206876000000.0
6186,3109,5.5,5.5,5.5,5.5,0,0.0,0.0,0,0,0,0.0,5.19,0.0,0,Công ty Cổ phần Lilama 69-3,L63,UPCOM,2016-10-06,,0.0,,2017,10,26,239538000000.0
6185,3109,5.5,5.5,5.5,5.5,0,0.0,0.0,0,0,0,0.0,5.19,0.0,0,Công ty Cổ phần Lilama 69-3,L63,UPCOM,2016-10-06,,0.0,,2017,10,27,142275000000.0
6184,3109,5.5,5.5,5.5,5.5,0,0.0,0.0,0,0,0,0.0,5.19,0.0,0,Công ty Cổ phần Lilama 69-3,L63,UPCOM,2016-10-06,,0.0,,2017,10,30,168000000000.0
6183,3109,5.5,5.5,5.5,5.5,0,0.0,0.0,0,0,0,0.0,5.19,0.0,0,Công ty Cổ phần Lilama 69-3,L63,UPCOM,2016-10-06,,0.0,,2017,10,31,141324000000.0
6182,3109,5.5,5.5,5.5,5.5,0,0.0,0.0,0,0,0,0.0,5.19,0.0,0,Công ty Cổ phần Lilama 69-3,L63,UPCOM,2016-10-06,,0.0,,2017,11,1,128711000000.0
6181,3109,5.5,5.5,5.5,5.5,0,0.0,0.0,0,0,0,0.0,5.19,0.0,0,Công ty Cổ phần Lilama 69-3,L63,UPCOM,2016-10-06,,0.0,,2017,11,2,158415000000.0
6180,3109,5.5,5.5,5.5,5.5,0,0.0,0.0,0,0,0,0.0,5.19,0.0,0,Công ty Cổ phần Lilama 69-3,L63,UPCOM,2016-10-06,,0.0,,2017,11,3,179591000000.0
6179,3109,5.5,5.5,5.5,5.5,0,0.0,0.0,0,0,0,0.0,5.19,0.0,0,Công ty Cổ phần Lilama 69-3,L63,UPCOM,2016-10-06,,0.0,,2017,11,6,149426000000.0
6178,3109,5.5,5.5,5.5,5.5,0,0.0,0.0,0,0,0,0.0,5.19,0.0,0,Công ty Cổ phần Lilama 69-3,L63,UPCOM,2016-10-06,,0.0,,2017,11,7,165140000000.0
6177,3109,5.5,5.5,5.5,5.5,0,0.0,0.0,0,0,0,0.0,5.19,0.0,0,Công ty Cổ phần Lilama 69-3,L63,UPCOM,2016-10-06,,0.0,,2017,11,8,169149000000.0
6176,3109,5.5,5.5,5.5,5.5,0,0.0,0.0,0,0,0,0.0,5.19,0.0,0,Công ty Cổ phần Lilama 69-3,L63,UPCOM,2016-10-06,,0.0,,2017,11,9,125336000000.0
6175,3109,6.3,6.3,6.3,6.3,200,0.0,0.0,0,0,0,1260000.0,5.94,0.8,0,Công ty Cổ phần Lilama 69-3,L63,UPCOM,2016-10-06,,0.0,,2017,11,10,158177000000.0
6174,3109,6.3,6.3,6.3,6.3,0,0.0,0.0,0,0,0,0.0,5.94,0.0,0,Công ty Cổ phần Lilama 69-3,L63,UPCOM,2016-10-06,,0.0,,2017,11,13,162833000000.0
6173,3109,6.3,6.3,6.3,6.3,0,0.0,0.0,0,0,0,0.0,5.94,0.0,0,Công ty Cổ phần Lilama 69-3,L63,UPCOM,2016-10-06,,0.0,,2017,11,14,174907000000.0
6172,3109,6.3,6.3,6.3,6.3,0,0.0,0.0,0,0,0,0.0,5.94,0.0,0,Công ty Cổ phần Lilama 69-3,L63,UPCOM,2016-10-06,,0.0,,2017,11,15,199993000000.0
6171,3109,6.3,6.3,6.3,6.3,0,0.0,0.0,0,0,0,0.0,5.94,0.0,0,Công ty Cổ phần Lilama 69-3,L63,UPCOM,2016-10-06,,0.0,,2017,11,16,189446000000.0
6170,3109,6.3,6.3,6.3,6.3,0,0.0,0.0,0,0,0,0.0,5.94,0.0,0,Công ty Cổ phần Lilama 69-3,L63,UPCOM,2016-10-06,,0.0,,2017,11,17,172197000000.0
6169,3109,6.3,6.3,6.3,6.3,0,0.0,0.0,0,0,0,0.0,5.94,0.0,0,Công ty Cổ phần Lilama 69-3,L63,UPCOM,2016-10-06,,0.0,,2017,11,20,171292000000.0
6168,3109,6.3,6.3,6.3,6.3,0,0.0,0.0,0,0,0,0.0,5.94,0.0,0,Công ty Cổ phần Lilama 69-3,L63,UPCOM,2016-10-06,,0.0,,2017,11,21,239025000000.0
6167,3109,6.3,6.3,6.3,6.3,0,0.0,0.0,0,0,0,0.0,5.94,0.0,0,Công ty Cổ phần Lilama 69-3,L63,UPCOM,2016-10-06,,0.0,,2017,11,22,375937000000.0
6166,3109,6.3,6.3,6.3,6.3,0,0.0,0.0,0,0,0,0.0,5.94,0.0,0,Công ty Cổ phần Lilama 69-3,L63,UPCOM,2016-10-06,,0.0,,2017,11,23,218111000000.0
6165,3109,6.3,6.3,6.3,6.3,0,0.0,0.0,0,0,0,0.0,5.94,0.0,0,Công ty Cổ phần Lilama 69-3,L63,UPCOM,2016-10-06,,0.0,,2017,11,24,239830000000.0
6164,3109,6.3,6.3,6.3,6.3,0,0.0,0.0,0,0,0,0.0,5.94,0.0,0,Công ty Cổ phần Lilama 69-3,L63,UPCOM,2016-10-06,,0.0,,2017,11,27,337639000000.0
6163,3109,6.3,6.3,6.3,6.3,0,0.0,0.0,0,0,0,0.0,5.94,0.0,0,Công ty Cổ phần Lilama 69-3,L63,UPCOM,2016-10-06,,0.0,,2017,11,28,340931000000.0
6162,3109,6.3,6.3,6.3,6.3,0,0.0,0.0,0,0,0,0.0,5.94,0.0,0,Công ty Cổ phần Lilama 69-3,L63,UPCOM,2016-10-06,,0.0,,2017,11,29,234076000000.0
6161,3109,6.3,6.3,6.3,6.3,0,0.0,0.0,0,0,0,0.0,5.94,0.0,0,Công ty Cổ phần Lilama 69-3,L63,UPCOM,2016-10-06,,0.0,,2017,11,30,313182000000.0
6160,3109,6.3,6.3,6.3,6.3,50,0.0,0.0,0,0,0,315000.0,5.94,0.0,0,Công ty Cổ phần Lilama 69-3,L63,UPCOM,2016-10-06,,0.0,,2017,12,1,345006000000.0
6159,3109,6.3,6.3,6.3,6.3,0,0.0,0.0,0,0,0,0.0,5.94,0.0,0,Công ty Cổ phần Lilama 69-3,L63,UPCOM,2016-10-06,,0.0,,2017,12,4,355564000000.0
6158,3109,6.3,6.3,6.3,6.3,0,0.0,0.0,0,0,0,0.0,5.94,0.0,0,Công ty Cổ phần Lilama 69-3,L63,UPCOM,2016-10-06,,0.0,,2017,12,5,331840000000.0
6157,3109,7.2,7.2,7.2,7.2,100,0.0,0.0,0,0,0,720000.0,6.79,0.9,0,Công ty Cổ phần Lilama 69-3,L63,UPCOM,2016-10-06,,0.0,,2017,12,6,299076000000.0
6156,3109,6.3,6.3,6.3,6.3,200,0.0,0.0,0,0,0,1260000.0,5.94,-0.9,0,Công ty Cổ phần Lilama 69-3,L63,UPCOM,2016-10-06,,0.0,,2017,12,7,190916000000.0
6155,3109,6.3,6.3,6.3,6.3,0,0.0,0.0,0,0,0,0.0,5.94,0.0,0,Công ty Cổ phần Lilama 69-3,L63,UPCOM,2016-10-06,,0.0,,2017,12,8,208702000000.0
6154,3109,6.3,6.3,6.3,6.3,0,0.0,0.0,0,0,0,0.0,5.94,0.0,0,Công ty Cổ phần Lilama 69-3,L63,UPCOM,2016-10-06,,0.0,,2017,12,11,220863000000.0
6153,3109,6.3,6.3,6.3,6.3,0,0.0,0.0,0,0,0,0.0,5.94,0.0,0,Công ty Cổ phần Lilama 69-3,L63,UPCOM,2016-10-06,,0.0,,2017,12,12,233045000000.0
6152,3109,6.3,6.3,6.3,6.3,0,0.0,0.0,0,0,0,0.0,5.94,0.0,0,Công ty Cổ phần Lilama 69-3,L63,UPCOM,2016-10-06,,0.0,,2017,12,13,642878000000.0
6151,3109,6.3,6.3,6.3,6.3,0,0.0,0.0,0,0,0,0.0,5.94,0.0,0,Công ty Cổ phần Lilama 69-3,L63,UPCOM,2016-10-06,,0.0,,2017,12,14,205180000000.0
6150,3109,6.3,6.3,6.3,6.3,0,0.0,0.0,0,0,0,0.0,5.94,0.0,0,Công ty Cổ phần Lilama 69-3,L63,UPCOM,2016-10-06,,0.0,,2017,12,15,228623000000.0
6149,3109,6.3,6.3,6.3,6.3,0,0.0,0.0,0,0,0,0.0,5.94,0.0,0,Công ty Cổ phần Lilama 69-3,L63,UPCOM,2016-10-06,,0.0,,2017,12,18,232529000000.0
6148,3109,6.3,6.3,6.3,6.3,0,0.0,0.0,0,0,0,0.0,5.94,0.0,0,Công ty Cổ phần Lilama 69-3,L63,UPCOM,2016-10-06,,0.0,,2017,12,19,236765000000.0
6147,3109,7.2,7.2,7.2,7.2,2900,0.0,0.0,0,0,0,20880000.0,6.79,0.9,0,Công ty Cổ phần Lilama 69-3,L63,UPCOM,2016-10-06,,0.0,,2017,12,20,269785000000.0
6146,3109,6.3,6.3,6.3,6.3,200,0.0,0.0,0,0,0,1260000.0,5.94,-0.9,0,Công ty Cổ phần Lilama 69-3,L63,UPCOM,2016-10-06,,0.0,,2017,12,21,184209000000.0
6145,3109,6.3,6.3,6.3,6.3,0,0.0,0.0,0,0,0,0.0,5.94,0.0,0,Công ty Cổ phần Lilama 69-3,L63,UPCOM,2016-10-06,,0.0,,2017,12,22,197390000000.0
6144,3109,6.3,6.3,6.3,6.3,0,0.0,0.0,0,0,0,0.0,5.94,0.0,0,Công ty Cổ phần Lilama 69-3,L63,UPCOM,2016-10-06,,0.0,,2017,12,25,161746000000.0
6143,3109,6.3,6.3,6.3,6.3,0,0.0,0.0,0,0,0,0.0,5.94,0.0,0,Công ty Cổ phần Lilama 69-3,L63,UPCOM,2016-10-06,,0.0,,2017,12,26,287359000000.0
6142,3109,6.3,6.3,6.3,6.3,0,0.0,0.0,0,0,0,0.0,5.94,0.0,0,Công ty Cổ phần Lilama 69-3,L63,UPCOM,2016-10-06,,0.0,,2017,12,27,262890000000.0
6141,3109,6.7,6.7,6.7,6.7,7000,0.0,0.0,0,0,0,46900000.0,6.7,0.8,0,Công ty Cổ phần Lilama 69-3,L63,UPCOM,2016-10-06,,0.0,,2017,12,28,518884000000.0
6140,3109,6.7,6.7,6.7,6.7,0,0.0,0.0,0,0,0,0.0,6.7,0.0,0,Công ty Cổ phần Lilama 69-3,L63,UPCOM,2016-10-06,,0.0,,2017,12,29,284661000000.0
6139,3109,6.7,6.7,6.7,6.7,2100,0.0,0.0,0,0,0,14070000.0,6.7,0.0,0,Công ty Cổ phần Lilama 69-3,L63,UPCOM,2016-10-06,,0.0,,2018,1,2,257687000000.0
6138,3109,6.7,6.7,6.7,6.7,0,0.0,0.0,0,0,0,0.0,6.7,0.0,0,Công ty Cổ phần Lilama 69-3,L63,UPCOM,2016-10-06,,0.0,,2018,1,3,404853000000.0
6137,3109,6.7,6.7,6.7,6.7,0,0.0,0.0,0,0,0,0.0,6.7,0.0,0,Công ty Cổ phần Lilama 69-3,L63,UPCOM,2016-10-06,,0.0,,2018,1,4,335258000000.0
6136,3109,6.7,6.7,6.7,6.7,0,0.0,0.0,0,0,0,0.0,6.7,0.0,0,Công ty Cổ phần Lilama 69-3,L63,UPCOM,2016-10-06,,0.0,,2018,1,5,368333000000.0
6135,3109,6.7,6.7,6.7,6.7,0,0.0,0.0,0,0,0,0.0,6.7,0.0,0,Công ty Cổ phần Lilama 69-3,L63,UPCOM,2016-10-06,,0.0,,2018,1,8,463984000000.0
6134,3109,6.7,6.7,6.7,6.7,0,0.0,0.0,0,0,0,0.0,6.7,0.0,0,Công ty Cổ phần Lilama 69-3,L63,UPCOM,2016-10-06,,0.0,,2018,1,9,476599000000.0
6133,3109,6.3,6.7,6.7,6.3,3400,0.0,0.0,0,0,0,21460000.0,6.7,0.0,0,Công ty Cổ phần Lilama 69-3,L63,UPCOM,2016-10-06,,0.0,,2018,1,10,446560000000.0
6132,3109,6.3,6.3,6.3,6.3,0,0.0,0.0,0,0,0,0.0,6.3,0.0,0,Công ty Cổ phần Lilama 69-3,L63,UPCOM,2016-10-06,,0.0,,2018,1,11,467766000000.0
6131,3109,6.3,6.3,6.3,6.3,0,0.0,0.0,0,0,0,0.0,6.3,0.0,0,Công ty Cổ phần Lilama 69-3,L63,UPCOM,2016-10-06,,0.0,,2018,1,12,496151000000.0
6130,3109,6.3,6.3,6.3,6.3,0,0.0,0.0,0,0,0,0.0,6.3,0.0,0,Công ty Cổ phần Lilama 69-3,L63,UPCOM,2016-10-06,,0.0,,2018,1,15,215156000000.0
6129,3109,6.3,6.3,6.3,6.3,0,0.0,0.0,0,0,0,0.0,6.3,0.0,0,Công ty Cổ phần Lilama 69-3,L63,UPCOM,2016-10-06,,0.0,,2018,1,16,286958000000.0
6128,3109,6.3,6.3,6.3,6.3,0,0.0,0.0,0,0,0,0.0,6.3,0.0,0,Công ty Cổ phần Lilama 69-3,L63,UPCOM,2016-10-06,,0.0,,2018,1,17,382817000000.0
6127,3109,6.3,6.3,6.3,6.3,0,0.0,0.0,0,0,0,0.0,6.3,0.0,0,Công ty Cổ phần Lilama 69-3,L63,UPCOM,2016-10-06,,0.0,,2018,1,18,353193000000.0
6126,3109,6.3,6.3,6.3,6.3,0,0.0,0.0,0,0,0,0.0,6.3,0.0,0,Công ty Cổ phần Lilama 69-3,L63,UPCOM,2016-10-06,,0.0,,2018,1,19,360606000000.0
6125,3109,6.3,6.3,6.3,6.3,0,0.0,0.0,0,0,0,0.0,6.3,0.0,0,Công ty Cổ phần Lilama 69-3,L63,UPCOM,2016-10-06,,0.0,,2018,1,22,428807000000.0
6124,3109,6.3,6.3,6.3,6.3,0,0.0,0.0,0,0,0,0.0,6.3,0.0,0,Công ty Cổ phần Lilama 69-3,L63,UPCOM,2016-10-06,,0.0,,2018,1,23,634573000000.0
6123,3109,6.3,6.3,6.3,6.3,0,0.0,0.0,0,0,0,0.0,6.3,0.0,0,Công ty Cổ phần Lilama 69-3,L63,UPCOM,2016-10-06,,0.0,,2018,1,24,405252000000.0
6122,3109,6.3,6.3,6.3,6.3,0,0.0,0.0,0,0,0,0.0,6.3,0.0,0,Công ty Cổ phần Lilama 69-3,L63,UPCOM,2016-10-06,,0.0,,2018,1,25,483102000000.0
6121,3109,6.3,6.3,6.3,6.3,0,0.0,0.0,0,0,0,0.0,6.3,0.0,0,Công ty Cổ phần Lilama 69-3,L63,UPCOM,2016-10-06,,0.0,,2018,1,26,409657000000.0
6120,3109,6.3,6.3,6.3,6.3,0,0.0,0.0,0,0,0,0.0,6.3,0.0,0,Công ty Cổ phần Lilama 69-3,L63,UPCOM,2016-10-06,,0.0,,2018,1,29,360858000000.0
6119,3109,6.3,6.3,6.3,6.3,72,0.0,0.0,0,0,0,396000.0,6.3,0.0,0,Công ty Cổ phần Lilama 69-3,L63,UPCOM,2016-10-06,,0.0,,2018,1,30,363231000000.0
6118,3109,6.3,6.3,6.3,6.3,0,0.0,0.0,0,0,0,0.0,6.3,0.0,0,Công ty Cổ phần Lilama 69-3,L63,UPCOM,2016-10-06,,0.0,,2018,1,31,426446000000.0
6117,3109,6.3,6.3,6.3,6.3,0,0.0,0.0,0,0,0,0.0,6.3,0.0,0,Công ty Cổ phần Lilama 69-3,L63,UPCOM,2016-10-06,,0.0,,2018,2,1,409241000000.0
6116,3109,6.3,6.3,6.3,6.3,0,0.0,0.0,0,0,0,0.0,6.3,0.0,0,Công ty Cổ phần Lilama 69-3,L63,UPCOM,2016-10-06,,0.0,,2018,2,2,315430000000.0
6115,3109,6.3,6.3,6.3,6.3,0,0.0,0.0,0,0,0,0.0,6.3,0.0,0,Công ty Cổ phần Lilama 69-3,L63,UPCOM,2016-10-06,,0.0,,2018,2,5,492723000000.0
6114,3109,6.3,6.3,6.3,6.3,0,0.0,0.0,0,0,0,0.0,6.3,0.0,0,Công ty Cổ phần Lilama 69-3,L63,UPCOM,2016-10-06,,0.0,,2018,2,6,455175000000.0
6113,3109,6.3,6.3,6.3,6.3,0,0.0,0.0,0,0,0,0.0,6.3,0.0,0,Công ty Cổ phần Lilama 69-3,L63,UPCOM,2016-10-06,,0.0,,2018,2,7,304157000000.0
6112,3109,6.3,6.3,6.3,6.3,0,0.0,0.0,0,0,0,0.0,6.3,0.0,0,Công ty Cổ phần Lilama 69-3,L63,UPCOM,2016-10-06,,0.0,,2018,2,8,187805000000.0
6111,3109,6.3,6.3,6.3,6.3,0,0.0,0.0,0,0,0,0.0,6.3,0.0,0,Công ty Cổ phần Lilama 69-3,L63,UPCOM,2016-10-06,,0.0,,2018,2,9,235310000000.0
6110,3109,6.3,6.3,6.3,6.3,0,0.0,0.0,0,0,0,0.0,6.3,0.0,0,Công ty Cổ phần Lilama 69-3,L63,UPCOM,2016-10-06,,0.0,,2018,2,12,157880000000.0
6109,3109,6.3,6.3,6.3,6.3,0,0.0,0.0,0,0,0,0.0,6.3,0.0,0,Công ty Cổ phần Lilama 69-3,L63,UPCOM,2016-10-06,,0.0,,2018,2,13,225336000000.0
6108,3109,6.3,6.3,6.3,6.3,0,0.0,0.0,0,0,0,0.0,6.3,0.0,0,Công ty Cổ phần Lilama 69-3,L63,UPCOM,2016-10-06,,0.0,,2018,2,21,198755000000.0
6107,3109,6.3,6.3,6.3,6.3,0,0.0,0.0,0,0,0,0.0,6.3,0.0,0,Công ty Cổ phần Lilama 69-3,L63,UPCOM,2016-10-06,,0.0,,2018,2,22,210532000000.0
6106,3109,6.3,6.3,6.3,6.3,0,0.0,0.0,0,0,0,0.0,6.3,0.0,0,Công ty Cổ phần Lilama 69-3,L63,UPCOM,2016-10-06,,0.0,,2018,2,23,210332000000.0
6105,3109,6.3,6.3,6.3,6.3,0,0.0,0.0,0,0,0,0.0,6.3,0.0,0,Công ty Cổ phần Lilama 69-3,L63,UPCOM,2016-10-06,,0.0,,2018,2,26,293743000000.0
6104,3109,6.3,6.3,6.3,6.3,0,0.0,0.0,0,0,0,0.0,6.3,0.0,0,Công ty Cổ phần Lilama 69-3,L63,UPCOM,2016-10-06,,0.0,,2018,2,27,381894000000.0
6103,3109,6.3,6.3,6.3,6.3,8000,0.0,0.0,0,0,0,50400000.0,6.3,0.0,0,Công ty Cổ phần Lilama 69-3,L63,UPCOM,2016-10-06,,0.0,,2018,2,28,374217000000.0
6102,3109,6.3,6.3,6.3,6.3,0,0.0,0.0,0,0,0,0.0,6.3,0.0,0,Công ty Cổ phần Lilama 69-3,L63,UPCOM,2016-10-06,,0.0,,2018,3,1,730881000000.0
6101,3109,6.3,6.3,6.3,6.3,0,0.0,0.0,0,0,0,0.0,6.3,0.0,0,Công ty Cổ phần Lilama 69-3,L63,UPCOM,2016-10-06,,0.0,,2018,3,2,531083000000.0
6100,3109,6.3,6.3,6.3,6.3,0,0.0,0.0,0,0,0,0.0,6.3,0.0,0,Công ty Cổ phần Lilama 69-3,L63,UPCOM,2016-10-06,,0.0,,2018,3,5,438682000000.0
6099,3109,6.3,6.3,6.3,6.3,0,0.0,0.0,0,0,0,0.0,6.3,0.0,0,Công ty Cổ phần Lilama 69-3,L63,UPCOM,2016-10-06,,0.0,,2018,3,6,620319000000.0
6098,3109,6.3,6.3,6.3,6.3,0,0.0,0.0,0,0,0,0.0,6.3,0.0,0,Công ty Cổ phần Lilama 69-3,L63,UPCOM,2016-10-06,,0.0,,2018,3,7,722153000000.0
6097,3109,6.3,6.3,6.3,6.3,0,0.0,0.0,0,0,0,0.0,6.3,0.0,0,Công ty Cổ phần Lilama 69-3,L63,UPCOM,2016-10-06,,0.0,,2018,3,8,527378000000.0
6096,3109,6.3,6.3,6.3,6.3,0,0.0,0.0,0,0,0,0.0,6.3,0.0,0,Công ty Cổ phần Lilama 69-3,L63,UPCOM,2016-10-06,,0.0,,2018,3,9,541850000000.0
6095,3109,6.3,6.3,6.3,6.3,0,0.0,0.0,0,0,0,0.0,6.3,0.0,0,Công ty Cổ phần Lilama 69-3,L63,UPCOM,2016-10-06,,0.0,,2018,3,12,489682000000.0
6094,3109,6.3,6.3,6.3,6.3,0,0.0,0.0,0,0,0,0.0,6.3,0.0,0,Công ty Cổ phần Lilama 69-3,L63,UPCOM,2016-10-06,,0.0,,2018,3,13,421164000000.0
6093,3109,6.3,6.3,6.3,6.3,0,0.0,0.0,0,0,0,0.0,6.3,0.0,0,Công ty Cổ phần Lilama 69-3,L63,UPCOM,2016-10-06,,0.0,,2018,3,14,543225000000.0
6092,3109,5.4,6.5,6.5,5.4,113800,0.0,0.0,0,0,0,618300000.0,6.5,0.2,0,Công ty Cổ phần Lilama 69-3,L63,UPCOM,2016-10-06,,0.0,,2018,3,15,432468000000.0
6091,3109,5.4,5.4,5.4,5.4,0,0.0,0.0,0,0,0,0.0,5.4,0.0,0,Công ty Cổ phần Lilama 69-3,L63,UPCOM,2016-10-06,,0.0,,2018,3,16,386613000000.0
session_id,stock_id,open_price,close_price,high_price,low_price,volume_detail,ceiling_price,floor_price,buy_volume,sell_volume,net_volume,matched_value,adjust_price,change_percent,outstanding_share,name,code,stock_space,join_date,leave_date,init_price,category,year,month,day_of_month,volume_session
6406,3109,5.0,5.0,5.0,5.0,0,0.0,0.0,0,0,0,0.0,4.43,0.0,0,Công ty Cổ phần Lilama 69-3,L63,UPCOM,2016-10-06,,0.0,,2016,12,5,111727000000.0
6405,3109,5.0,5.0,5.0,5.0,0,0.0,0.0,0,0,0,0.0,4.43,0.0,0,Công ty Cổ phần Lilama 69-3,L63,UPCOM,2016-10-06,,0.0,,2016,12,6,112297000000.0
6404,3109,5.0,5.0,5.0,5.0,0,0.0,0.0,0,0,0,0.0,4.43,0.0,0,Công ty Cổ phần Lilama 69-3,L63,UPCOM,2016-10-06,,0.0,,2016,12,7,117490000000.0
6403,3109,5.0,5.0,5.0,5.0,0,0.0,0.0,0,0,0,0.0,4.43,0.0,0,Công ty Cổ phần Lilama 69-3,L63,UPCOM,2016-10-06,,0.0,,2016,12,8,83824100000.0
6402,3109,5.0,5.0,5.0,5.0,4300,0.0,0.0,0,0,0,21500000.0,4.43,0.0,0,Công ty Cổ phần Lilama 69-3,L63,UPCOM,2016-10-06,,0.0,,2016,12,9,103917000000.0
6401,3109,5.0,5.0,5.0,5.0,800,0.0,0.0,0,0,0,4000000.0,4.43,0.0,0,Công ty Cổ phần Lilama 69-3,L63,UPCOM,2016-10-06,,0.0,,2016,12,12,104114000000.0
6400,3109,5.0,5.0,5.0,5.0,10000,0.0,0.0,0,0,0,50000000.0,4.43,0.0,0,Công ty Cổ phần Lilama 69-3,L63,UPCOM,2016-10-06,,0.0,,2016,12,13,104915000000.0
6399,3109,5.0,5.0,5.0,5.0,0,0.0,0.0,0,0,0,0.0,4.43,0.0,0,Công ty Cổ phần Lilama 69-3,L63,UPCOM,2016-10-06,,0.0,,2016,12,14,156567000000.0
6398,3109,5.0,5.0,5.0,5.0,0,0.0,0.0,0,0,0,0.0,4.43,0.0,0,Công ty Cổ phần Lilama 69-3,L63,UPCOM,2016-10-06,,0.0,,2016,12,15,159976000000.0
6397,3109,5.0,5.0,5.0,5.0,0,0.0,0.0,0,0,0,0.0,4.43,0.0,0,Công ty Cổ phần Lilama 69-3,L63,UPCOM,2016-10-06,,0.0,,2016,12,16,126469000000.0
6396,3109,5.0,5.0,5.0,5.0,0,0.0,0.0,0,0,0,0.0,4.43,0.0,0,Công ty Cổ phần Lilama 69-3,L63,UPCOM,2016-10-06,,0.0,,2016,12,19,96996000000.0
6395,3109,5.0,5.0,5.0,5.0,0,0.0,0.0,0,0,0,0.0,4.43,0.0,0,Công ty Cổ phần Lilama 69-3,L63,UPCOM,2016-10-06,,0.0,,2016,12,20,179244000000.0
6394,3109,5.0,5.0,5.0,5.0,0,0.0,0.0,0,0,0,0.0,4.43,0.0,0,Công ty Cổ phần Lilama 69-3,L63,UPCOM,2016-10-06,,0.0,,2016,12,21,99875200000.0
6393,3109,5.0,5.0,5.0,5.0,0,0.0,0.0,0,0,0,0.0,4.43,0.0,0,Công ty Cổ phần Lilama 69-3,L63,UPCOM,2016-10-06,,0.0,,2016,12,22,124323000000.0
6392,3109,5.0,5.0,5.0,5.0,0,0.0,0.0,0,0,0,0.0,4.43,0.0,0,Công ty Cổ phần Lilama 69-3,L63,UPCOM,2016-10-06,,0.0,,2016,12,23,99561900000.0
6391,3109,5.0,5.0,5.0,5.0,8900,0.0,0.0,0,0,0,44500000.0,4.43,0.0,0,Công ty Cổ phần Lilama 69-3,L63,UPCOM,2016-10-06,,0.0,,2016,12,26,88275400000.0
6390,3109,5.0,5.0,5.0,5.0,0,0.0,0.0,0,0,0,0.0,4.43,0.0,0,Công ty Cổ phần Lilama 69-3,L63,UPCOM,2016-10-06,,0.0,,2016,12,27,93780400000.0
6389,3109,5.0,5.0,5.0,5.0,0,0.0,0.0,0,0,0,0.0,4.43,0.0,0,Công ty Cổ phần Lilama 69-3,L63,UPCOM,2016-10-06,,0.0,,2016,12,28,69607800000.0
6388,3109,5.0,5.0,5.0,5.0,0,0.0,0.0,0,0,0,0.0,4.43,0.0,0,Công ty Cổ phần Lilama 69-3,L63,UPCOM,2016-10-06,,0.0,,2016,12,29,66205200000.0
6387,3109,5.0,5.0,5.0,5.0,0,0.0,0.0,0,0,0,0.0,4.43,0.0,0,Công ty Cổ phần Lilama 69-3,L63,UPCOM,2016-10-06,,0.0,,2016,12,30,75590300000.0
6386,3109,5.0,5.0,5.0,5.0,0,0.0,0.0,0,0,0,0.0,4.43,0.0,0,Công ty Cổ phần Lilama 69-3,L63,UPCOM,2016-10-06,,0.0,,2017,1,3,55501600000.0
6385,3109,5.0,5.0,5.0,5.0,0,0.0,0.0,0,0,0,0.0,4.43,0.0,0,Công ty Cổ phần Lilama 69-3,L63,UPCOM,2016-10-06,,0.0,,2017,1,4,80038100000.0
6384,3109,5.0,5.0,5.0,5.0,0,0.0,0.0,0,0,0,0.0,4.43,0.0,0,Công ty Cổ phần Lilama 69-3,L63,UPCOM,2016-10-06,,0.0,,2017,1,5,145435000000.0
6383,3109,5.0,5.0,5.0,5.0,0,0.0,0.0,0,0,0,0.0,4.43,0.0,0,Công ty Cổ phần Lilama 69-3,L63,UPCOM,2016-10-06,,0.0,,2017,1,6,110481000000.0
6382,3109,5.0,5.0,5.0,5.0,0,0.0,0.0,0,0,0,0.0,4.43,0.0,0,Công ty Cổ phần Lilama 69-3,L63,UPCOM,2016-10-06,,0.0,,2017,1,9,89976000000.0
6381,3109,5.0,5.0,5.0,5.0,0,0.0,0.0,0,0,0,0.0,4.43,0.0,0,Công ty Cổ phần Lilama 69-3,L63,UPCOM,2016-10-06,,0.0,,2017,1,10,108250000000.0
6380,3109,5.0,5.0,5.0,5.0,0,0.0,0.0,0,0,0,0.0,4.43,0.0,0,Công ty Cổ phần Lilama 69-3,L63,UPCOM,2016-10-06,,0.0,,2017,1,11,77076400000.0
6379,3109,5.0,5.0,5.0,5.0,0,0.0,0.0,0,0,0,0.0,4.43,0.0,0,Công ty Cổ phần Lilama 69-3,L63,UPCOM,2016-10-06,,0.0,,2017,1,12,110368000000.0
6378,3109,5.0,5.0,5.0,5.0,0,0.0,0.0,0,0,0,0.0,4.43,0.0,0,Công ty Cổ phần Lilama 69-3,L63,UPCOM,2016-10-06,,0.0,,2017,1,13,79101200000.0
6377,3109,5.0,5.0,5.0,5.0,0,0.0,0.0,0,0,0,0.0,4.43,0.0,0,Công ty Cổ phần Lilama 69-3,L63,UPCOM,2016-10-06,,0.0,,2017,1,16,73091300000.0
6376,3109,5.0,5.0,5.0,5.0,0,0.0,0.0,0,0,0,0.0,4.43,0.0,0,Công ty Cổ phần Lilama 69-3,L63,UPCOM,2016-10-06,,0.0,,2017,1,17,262977000000.0
6375,3109,5.0,5.0,5.0,5.0,0,0.0,0.0,0,0,0,0.0,4.43,0.0,0,Công ty Cổ phần Lilama 69-3,L63,UPCOM,2016-10-06,,0.0,,2017,1,18,71829300000.0
6374,3109,5.0,5.0,5.0,5.0,0,0.0,0.0,0,0,0,0.0,4.43,0.0,0,Công ty Cổ phần Lilama 69-3,L63,UPCOM,2016-10-06,,0.0,,2017,1,19,181298000000.0
6373,3109,5.0,5.0,5.0,5.0,0,0.0,0.0,0,0,0,0.0,4.43,0.0,0,Công ty Cổ phần Lilama 69-3,L63,UPCOM,2016-10-06,,0.0,,2017,1,20,59147100000.0
6372,3109,5.0,5.0,5.0,5.0,0,0.0,0.0,0,0,0,0.0,4.43,0.0,0,Công ty Cổ phần Lilama 69-3,L63,UPCOM,2016-10-06,,0.0,,2017,1,23,56247300000.0
6371,3109,5.0,5.0,5.0,5.0,0,0.0,0.0,0,0,0,0.0,4.43,0.0,0,Công ty Cổ phần Lilama 69-3,L63,UPCOM,2016-10-06,,0.0,,2017,1,24,103977000000.0
6370,3109,5.0,5.0,5.0,5.0,0,0.0,0.0,0,0,0,0.0,4.43,0.0,0,Công ty Cổ phần Lilama 69-3,L63,UPCOM,2016-10-06,,0.0,,2017,1,25,51700300000.0
6369,3109,5.0,5.0,5.0,5.0,0,0.0,0.0,0,0,0,0.0,4.43,0.0,0,Công ty Cổ phần Lilama 69-3,L63,UPCOM,2016-10-06,,0.0,,2017,2,2,74758600000.0
6368,3109,5.0,5.0,5.0,5.0,0,0.0,0.0,0,0,0,0.0,4.43,0.0,0,Công ty Cổ phần Lilama 69-3,L63,UPCOM,2016-10-06,,0.0,,2017,2,3,117278000000.0
6367,3109,5.0,5.0,5.0,5.0,0,0.0,0.0,0,0,0,0.0,4.43,0.0,0,Công ty Cổ phần Lilama 69-3,L63,UPCOM,2016-10-06,,0.0,,2017,2,6,85611400000.0
6366,3109,5.0,5.0,5.0,5.0,0,0.0,0.0,0,0,0,0.0,4.43,0.0,0,Công ty Cổ phần Lilama 69-3,L63,UPCOM,2016-10-06,,0.0,,2017,2,7,88041000000.0
6365,3109,5.0,5.0,5.0,5.0,0,0.0,0.0,0,0,0,0.0,4.43,0.0,0,Công ty Cổ phần Lilama 69-3,L63,UPCOM,2016-10-06,,0.0,,2017,2,8,94484100000.0
6364,3109,5.0,5.0,5.0,5.0,0,0.0,0.0,0,0,0,0.0,4.43,0.0,0,Công ty Cổ phần Lilama 69-3,L63,UPCOM,2016-10-06,,0.0,,2017,2,9,100523000000.0
6363,3109,5.0,5.0,5.0,5.0,0,0.0,0.0,0,0,0,0.0,4.43,0.0,0,Công ty Cổ phần Lilama 69-3,L63,UPCOM,2016-10-06,,0.0,,2017,2,10,138048000000.0
6362,3109,5.0,5.0,5.0,5.0,0,0.0,0.0,0,0,0,0.0,4.43,0.0,0,Công ty Cổ phần Lilama 69-3,L63,UPCOM,2016-10-06,,0.0,,2017,2,13,123878000000.0
6361,3109,5.0,5.0,5.0,5.0,0,0.0,0.0,0,0,0,0.0,4.43,0.0,0,Công ty Cổ phần Lilama 69-3,L63,UPCOM,2016-10-06,,0.0,,2017,2,14,101684000000.0
6360,3109,5.0,5.0,5.0,5.0,0,0.0,0.0,0,0,0,0.0,4.43,0.0,0,Công ty Cổ phần Lilama 69-3,L63,UPCOM,2016-10-06,,0.0,,2017,2,15,112150000000.0
6359,3109,5.0,5.0,5.0,5.0,0,0.0,0.0,0,0,0,0.0,4.43,0.0,0,Công ty Cổ phần Lilama 69-3,L63,UPCOM,2016-10-06,,0.0,,2017,2,16,138226000000.0
6358,3109,5.0,5.0,5.0,5.0,0,0.0,0.0,0,0,0,0.0,4.43,0.0,0,Công ty Cổ phần Lilama 69-3,L63,UPCOM,2016-10-06,,0.0,,2017,2,17,124707000000.0
6357,3109,5.0,5.0,5.0,5.0,0,0.0,0.0,0,0,0,0.0,4.43,0.0,0,Công ty Cổ phần Lilama 69-3,L63,UPCOM,2016-10-06,,0.0,,2017,2,20,231464000000.0
6356,3109,5.0,5.0,5.0,5.0,0,0.0,0.0,0,0,0,0.0,4.43,0.0,0,Công ty Cổ phần Lilama 69-3,L63,UPCOM,2016-10-06,,0.0,,2017,2,21,129555000000.0
6355,3109,5.0,5.0,5.0,5.0,0,0.0,0.0,0,0,0,0.0,4.43,0.0,0,Công ty Cổ phần Lilama 69-3,L63,UPCOM,2016-10-06,,0.0,,2017,2,22,144663000000.0
6354,3109,5.0,5.0,5.0,5.0,0,0.0,0.0,0,0,0,0.0,4.43,0.0,0,Công ty Cổ phần Lilama 69-3,L63,UPCOM,2016-10-06,,0.0,,2017,2,23,301269000000.0
6353,3109,5.0,5.0,5.0,5.0,0,0.0,0.0,0,0,0,0.0,4.43,0.0,0,Công ty Cổ phần Lilama 69-3,L63,UPCOM,2016-10-06,,0.0,,2017,2,24,319834000000.0
6352,3109,6.9,6.9,6.9,6.9,800,0.0,0.0,0,0,0,5520000.0,6.12,1.9,0,Công ty Cổ phần Lilama 69-3,L63,UPCOM,2016-10-06,,0.0,,2017,2,27,358805000000.0
6351,3109,6.9,6.9,6.9,6.9,40,0.0,0.0,0,0,0,240000.0,6.12,0.0,0,Công ty Cổ phần Lilama 69-3,L63,UPCOM,2016-10-06,,0.0,,2017,2,28,268705000000.0
6350,3109,5.9,5.9,5.9,5.9,300,0.0,0.0,0,0,0,1770000.0,5.23,-1.0,0,Công ty Cổ phần Lilama 69-3,L63,UPCOM,2016-10-06,,0.0,,2017,3,1,167933000000.0
6349,3109,5.9,5.9,5.9,5.9,0,0.0,0.0,0,0,0,0.0,5.23,0.0,0,Công ty Cổ phần Lilama 69-3,L63,UPCOM,2016-10-06,,0.0,,2017,3,2,123880000000.0
6348,3109,5.9,5.9,5.9,5.9,0,0.0,0.0,0,0,0,0.0,5.23,0.0,0,Công ty Cổ phần Lilama 69-3,L63,UPCOM,2016-10-06,,0.0,,2017,3,3,159719000000.0
6347,3109,6.5,6.5,6.5,6.5,300,0.0,0.0,0,0,0,1950000.0,5.76,0.6,0,Công ty Cổ phần Lilama 69-3,L63,UPCOM,2016-10-06,,0.0,,2017,3,6,219186000000.0
6346,3109,6.5,6.5,6.5,6.5,0,0.0,0.0,0,0,0,0.0,5.76,0.0,0,Công ty Cổ phần Lilama 69-3,L63,UPCOM,2016-10-06,,0.0,,2017,3,7,156369000000.0
6345,3109,6.5,6.5,6.5,6.5,0,0.0,0.0,0,0,0,0.0,5.76,0.0,0,Công ty Cổ phần Lilama 69-3,L63,UPCOM,2016-10-06,,0.0,,2017,3,8,115171000000.0
6344,3109,6.5,6.5,6.5,6.5,0,0.0,0.0,0,0,0,0.0,5.76,0.0,0,Công ty Cổ phần Lilama 69-3,L63,UPCOM,2016-10-06,,0.0,,2017,3,9,128869000000.0
6343,3109,6.5,6.5,6.5,6.5,0,0.0,0.0,0,0,0,0.0,5.76,0.0,0,Công ty Cổ phần Lilama 69-3,L63,UPCOM,2016-10-06,,0.0,,2017,3,10,172463000000.0
6342,3109,6.5,6.5,6.5,6.5,0,0.0,0.0,0,0,0,0.0,5.76,0.0,0,Công ty Cổ phần Lilama 69-3,L63,UPCOM,2016-10-06,,0.0,,2017,3,13,147158000000.0
6341,3109,6.5,6.5,6.5,6.5,0,0.0,0.0,0,0,0,0.0,5.76,0.0,0,Công ty Cổ phần Lilama 69-3,L63,UPCOM,2016-10-06,,0.0,,2017,3,14,165883000000.0
6340,3109,7.4,5.6,7.4,5.6,1217,0.0,0.0,0,0,0,7072500.0,4.97,-0.9,0,Công ty Cổ phần Lilama 69-3,L63,UPCOM,2016-10-06,,0.0,,2017,3,15,161227000000.0
6339,3109,6.6,6.6,6.6,6.6,100,0.0,0.0,0,0,0,660000.0,5.85,0.8,0,Công ty Cổ phần Lilama 69-3,L63,UPCOM,2016-10-06,,0.0,,2017,3,16,148970000000.0
6338,3109,6.6,6.6,6.6,6.6,0,0.0,0.0,0,0,0,0.0,5.85,0.0,0,Công ty Cổ phần Lilama 69-3,L63,UPCOM,2016-10-06,,0.0,,2017,3,17,158875000000.0
6337,3109,6.6,6.6,6.6,6.6,57,0.0,0.0,0,0,0,370500.0,5.85,0.0,0,Công ty Cổ phần Lilama 69-3,L63,UPCOM,2016-10-06,,0.0,,2017,3,20,127629000000.0
6336,3109,6.6,6.6,6.6,6.6,0,0.0,0.0,0,0,0,0.0,5.85,0.0,0,Công ty Cổ phần Lilama 69-3,L63,UPCOM,2016-10-06,,0.0,,2017,3,21,407557000000.0
6335,3109,5.7,5.7,5.7,5.7,6020,0.0,0.0,0,0,0,34322000.0,5.05,-0.9,0,Công ty Cổ phần Lilama 69-3,L63,UPCOM,2016-10-06,,0.0,,2017,3,22,203708000000.0
6334,3109,6.5,6.5,6.5,6.5,100,0.0,0.0,0,0,0,650000.0,5.76,0.8,0,Công ty Cổ phần Lilama 69-3,L63,UPCOM,2016-10-06,,0.0,,2017,3,23,111980000000.0
6333,3109,7.0,7.0,7.0,7.0,9800,0.0,0.0,0,0,0,68600000.0,6.21,0.5,0,Công ty Cổ phần Lilama 69-3,L63,UPCOM,2016-10-06,,0.0,,2017,3,24,111662000000.0
6332,3109,7.0,7.0,7.0,7.0,100,0.0,0.0,0,0,0,700000.0,6.21,0.0,0,Công ty Cổ phần Lilama 69-3,L63,UPCOM,2016-10-06,,0.0,,2017,3,27,117565000000.0
6331,3109,7.0,7.0,7.0,7.0,4000,0.0,0.0,0,0,0,28000000.0,6.21,0.0,0,Công ty Cổ phần Lilama 69-3,L63,UPCOM,2016-10-06,,0.0,,2017,3,28,109928000000.0
6330,3109,7.0,7.0,7.0,7.0,500,0.0,0.0,0,0,0,3500000.0,6.21,0.0,0,Công ty Cổ phần Lilama 69-3,L63,UPCOM,2016-10-06,,0.0,,2017,3,29,117613000000.0
6329,3109,7.0,7.0,7.0,7.0,0,0.0,0.0,0,0,0,0.0,6.21,0.0,0,Công ty Cổ phần Lilama 69-3,L63,UPCOM,2016-10-06,,0.0,,2017,3,30,110333000000.0
6328,3109,7.0,7.0,7.0,7.0,0,0.0,0.0,0,0,0,0.0,6.21,0.0,0,Công ty Cổ phần Lilama 69-3,L63,UPCOM,2016-10-06,,0.0,,2017,3,31,125061000000.0
6327,3109,7.0,7.0,7.0,7.0,7700,0.0,0.0,0,0,0,53900000.0,6.21,0.0,0,Công ty Cổ phần Lilama 69-3,L63,UPCOM,2016-10-06,,0.0,,2017,4,3,142527000000.0
6326,3109,7.0,7.0,7.0,7.0,0,0.0,0.0,0,0,0,0.0,6.21,0.0,0,Công ty Cổ phần Lilama 69-3,L63,UPCOM,2016-10-06,,0.0,,2017,4,4,148693000000.0
6325,3109,7.0,7.0,7.0,7.0,0,0.0,0.0,0,0,0,0.0,6.21,0.0,0,Công ty Cổ phần Lilama 69-3,L63,UPCOM,2016-10-06,,0.0,,2017,4,5,185505000000.0
6324,3109,7.0,7.0,7.0,7.0,6000,0.0,0.0,0,0,0,42000000.0,6.21,0.0,0,Công ty Cổ phần Lilama 69-3,L63,UPCOM,2016-10-06,,0.0,,2017,4,7,87784400000.0
6323,3109,7.0,7.0,7.0,7.0,2000,0.0,0.0,0,0,0,14000000.0,6.21,0.0,0,Công ty Cổ phần Lilama 69-3,L63,UPCOM,2016-10-06,,0.0,,2017,4,10,94875800000.0
6322,3109,7.0,7.0,7.0,7.0,0,0.0,0.0,0,0,0,0.0,6.21,0.0,0,Công ty Cổ phần Lilama 69-3,L63,UPCOM,2016-10-06,,0.0,,2017,4,11,117192000000.0
6321,3109,7.0,7.0,7.0,7.0,910,0.0,0.0,0,0,0,6370000.0,6.21,0.0,0,Công ty Cổ phần Lilama 69-3,L63,UPCOM,2016-10-06,,0.0,,2017,4,12,236389000000.0
6320,3109,7.0,7.0,7.0,7.0,0,0.0,0.0,0,0,0,0.0,6.21,0.0,0,Công ty Cổ phần Lilama 69-3,L63,UPCOM,2016-10-06,,0.0,,2017,4,13,95052400000.0
6319,3109,6.0,6.0,6.0,6.0,200,0.0,0.0,0,0,0,1200000.0,5.32,-1.0,0,Công ty Cổ phần Lilama 69-3,L63,UPCOM,2016-10-06,,0.0,,2017,4,14,85879500000.0
6318,3109,6.0,6.0,6.0,6.0,0,0.0,0.0,0,0,0,0.0,5.32,0.0,0,Công ty Cổ phần Lilama 69-3,L63,UPCOM,2016-10-06,,0.0,,2017,4,17,98209800000.0
6317,3109,6.0,6.0,6.0,6.0,0,0.0,0.0,0,0,0,0.0,5.32,0.0,0,Công ty Cổ phần Lilama 69-3,L63,UPCOM,2016-10-06,,0.0,,2017,4,18,86148900000.0
6316,3109,6.0,6.0,6.0,6.0,0,0.0,0.0,0,0,0,0.0,5.32,0.0,0,Công ty Cổ phần Lilama 69-3,L63,UPCOM,2016-10-06,,0.0,,2017,4,19,80544500000.0
6315,3109,6.0,6.0,6.0,6.0,0,0.0,0.0,0,0,0,0.0,5.32,0.0,0,Công ty Cổ phần Lilama 69-3,L63,UPCOM,2016-10-06,,0.0,,2017,4,20,90723100000.0
6314,3109,6.0,6.0,6.0,6.0,0,0.0,0.0,0,0,0,0.0,5.32,0.0,0,Công ty Cổ phần Lilama 69-3,L63,UPCOM,2016-10-06,,0.0,,2017,4,21,143350000000.0
6313,3109,6.0,6.0,6.0,6.0,0,0.0,0.0,0,0,0,0.0,5.32,0.0,0,Công ty Cổ phần Lilama 69-3,L63,UPCOM,2016-10-06,,0.0,,2017,4,24,90560800000.0
6312,3109,6.0,6.0,6.0,6.0,0,0.0,0.0,0,0,0,0.0,5.32,0.0,0,Công ty Cổ phần Lilama 69-3,L63,UPCOM,2016-10-06,,0.0,,2017,4,25,64243100000.0
6311,3109,6.0,6.0,6.0,6.0,0,0.0,0.0,0,0,0,0.0,5.32,0.0,0,Công ty Cổ phần Lilama 69-3,L63,UPCOM,2016-10-06,,0.0,,2017,4,26,64818500000.0
6310,3109,6.0,6.0,6.0,6.0,0,0.0,0.0,0,0,0,0.0,5.32,0.0,0,Công ty Cổ phần Lilama 69-3,L63,UPCOM,2016-10-06,,0.0,,2017,4,27,64235400000.0
6309,3109,6.0,6.0,6.0,6.0,0,0.0,0.0,0,0,0,0.0,5.32,0.0,0,Công ty Cổ phần Lilama 69-3,L63,UPCOM,2016-10-06,,0.0,,2017,4,28,110021000000.0
6308,3109,6.0,6.0,6.0,6.0,0,0.0,0.0,0,0,0,0.0,5.32,0.0,0,Công ty Cổ phần Lilama 69-3,L63,UPCOM,2016-10-06,,0.0,,2017,5,3,118865000000.0
6307,3109,6.0,6.0,6.0,6.0,0,0.0,0.0,0,0,0,0.0,5.32,0.0,0,Công ty Cổ phần Lilama 69-3,L63,UPCOM,2016-10-06,,0.0,,2017,5,4,85126100000.0
6306,3109,5.1,5.1,5.1,5.1,400,0.0,0.0,0,0,0,2040000.0,4.52,-0.9,0,Công ty Cổ phần Lilama 69-3,L63,UPCOM,2016-10-06,,0.0,,2017,5,5,107963000000.0
6305,3109,5.1,5.1,5.1,5.1,0,0.0,0.0,0,0,0,0.0,4.52,0.0,0,Công ty Cổ phần Lilama 69-3,L63,UPCOM,2016-10-06,,0.0,,2017,5,8,121617000000.0
6304,3109,5.1,5.1,5.1,5.1,0,0.0,0.0,0,0,0,0.0,4.52,0.0,0,Công ty Cổ phần Lilama 69-3,L63,UPCOM,2016-10-06,,0.0,,2017,5,9,73859800000.0
6303,3109,5.1,5.1,5.1,5.1,0,0.0,0.0,0,0,0,0.0,4.52,0.0,0,Công ty Cổ phần Lilama 69-3,L63,UPCOM,2016-10-06,,0.0,,2017,5,10,99977900000.0
6302,3109,5.1,5.1,5.1,5.1,0,0.0,0.0,0,0,0,0.0,4.52,0.0,0,Công ty Cổ phần Lilama 69-3,L63,UPCOM,2016-10-06,,0.0,,2017,5,11,103107000000.0
6301,3109,5.1,5.1,5.1,5.1,0,0.0,0.0,0,0,0,0.0,4.52,0.0,0,Công ty Cổ phần Lilama 69-3,L63,UPCOM,2016-10-06,,0.0,,2017,5,12,140810000000.0
6300,3109,4.4,4.4,4.4,4.4,100,0.0,0.0,0,0,0,440000.0,3.9,-0.7,0,Công ty Cổ phần Lilama 69-3,L63,UPCOM,2016-10-06,,0.0,,2017,5,15,106673000000.0
6299,3109,5.0,5.0,5.0,5.0,100,0.0,0.0,0,0,0,500000.0,4.43,0.6,0,Công ty Cổ phần Lilama 69-3,L63,UPCOM,2016-10-06,,0.0,,2017,5,16,99255300000.0
6298,3109,5.0,5.0,5.0,5.0,0,0.0,0.0,0,0,0,0.0,4.43,0.0,0,Công ty Cổ phần Lilama 69-3,L63,UPCOM,2016-10-06,,0.0,,2017,5,17,80133300000.0
6297,3109,5.0,5.0,5.0,5.0,0,0.0,0.0,0,0,0,0.0,4.43,0.0,0,Công ty Cổ phần Lilama 69-3,L63,UPCOM,2016-10-06,,0.0,,2017,5,18,86781100000.0
6296,3109,5.0,5.0,5.0,5.0,0,0.0,0.0,0,0,0,0.0,4.43,0.0,0,Công ty Cổ phần Lilama 69-3,L63,UPCOM,2016-10-06,,0.0,,2017,5,19,85469000000.0
6295,3109,5.7,5.7,5.7,5.7,100,0.0,0.0,0,0,0,570000.0,5.05,0.7,0,Công ty Cổ phần Lilama 69-3,L63,UPCOM,2016-10-06,,0.0,,2017,5,22,90008400000.0
6294,3109,5.7,5.7,5.7,5.7,0,0.0,0.0,0,0,0,0.0,5.05,0.0,0,Công ty Cổ phần Lilama 69-3,L63,UPCOM,2016-10-06,,0.0,,2017,5,23,148464000000.0
6293,3109,5.7,5.7,5.7,5.7,0,0.0,0.0,0,0,0,0.0,5.05,0.0,0,Công ty Cổ phần Lilama 69-3,L63,UPCOM,2016-10-06,,0.0,,2017,5,24,125642000000.0
6292,3109,5.7,5.7,5.7,5.7,0,0.0,0.0,0,0,0,0.0,5.05,0.0,0,Công ty Cổ phần Lilama 69-3,L63,UPCOM,2016-10-06,,0.0,,2017,5,25,83381600000.0
6291,3109,5.7,5.7,5.7,5.7,0,0.0,0.0,0,0,0,0.0,5.05,0.0,0,Công ty Cổ phần Lilama 69-3,L63,UPCOM,2016-10-06,,0.0,,2017,5,26,191464000000.0
6290,3109,5.7,5.7,5.7,5.7,0,0.0,0.0,0,0,0,0.0,5.05,0.0,0,Công ty Cổ phần Lilama 69-3,L63,UPCOM,2016-10-06,,0.0,,2017,5,29,123779000000.0
6289,3109,5.7,5.7,5.7,5.7,0,0.0,0.0,0,0,0,0.0,5.05,0.0,0,Công ty Cổ phần Lilama 69-3,L63,UPCOM,2016-10-06,,0.0,,2017,5,30,116456000000.0
6288,3109,5.7,5.7,5.7,5.7,0,0.0,0.0,0,0,0,0.0,5.05,0.0,0,Công ty Cổ phần Lilama 69-3,L63,UPCOM,2016-10-06,,0.0,,2017,5,31,83156200000.0
6287,3109,5.7,5.7,5.7,5.7,0,0.0,0.0,0,0,0,0.0,5.05,0.0,0,Công ty Cổ phần Lilama 69-3,L63,UPCOM,2016-10-06,,0.0,,2017,6,1,83272400000.0
6286,3109,5.7,5.7,5.7,5.7,0,0.0,0.0,0,0,0,0.0,5.05,0.0,0,Công ty Cổ phần Lilama 69-3,L63,UPCOM,2016-10-06,,0.0,,2017,6,2,82117100000.0
6285,3109,5.7,5.7,5.7,5.7,0,0.0,0.0,0,0,0,0.0,5.05,0.0,0,Công ty Cổ phần Lilama 69-3,L63,UPCOM,2016-10-06,,0.0,,2017,6,5,105193000000.0
6284,3109,5.7,5.7,5.7,5.7,0,0.0,0.0,0,0,0,0.0,5.05,0.0,0,Công ty Cổ phần Lilama 69-3,L63,UPCOM,2016-10-06,,0.0,,2017,6,6,110927000000.0
6283,3109,5.7,5.7,5.7,5.7,0,0.0,0.0,0,0,0,0.0,5.05,0.0,0,Công ty Cổ phần Lilama 69-3,L63,UPCOM,2016-10-06,,0.0,,2017,6,7,108379000000.0
6282,3109,5.7,5.7,5.7,5.7,0,0.0,0.0,0,0,0,0.0,5.05,0.0,0,Công ty Cổ phần Lilama 69-3,L63,UPCOM,2016-10-06,,0.0,,2017,6,8,107044000000.0
6281,3109,5.7,5.7,5.7,5.7,0,0.0,0.0,0,0,0,0.0,5.05,0.0,0,Công ty Cổ phần Lilama 69-3,L63,UPCOM,2016-10-06,,0.0,,2017,6,9,92481400000.0
6280,3109,5.7,5.7,5.7,5.7,0,0.0,0.0,0,0,0,0.0,5.05,0.0,0,Công ty Cổ phần Lilama 69-3,L63,UPCOM,2016-10-06,,0.0,,2017,6,12,80937000000.0
6279,3109,5.7,5.7,5.7,5.7,0,0.0,0.0,0,0,0,0.0,5.05,0.0,0,Công ty Cổ phần Lilama 69-3,L63,UPCOM,2016-10-06,,0.0,,2017,6,13,81017600000.0
6278,3109,5.7,5.7,5.7,5.7,0,0.0,0.0,0,0,0,0.0,5.05,0.0,0,Công ty Cổ phần Lilama 69-3,L63,UPCOM,2016-10-06,,0.0,,2017,6,14,113313000000.0
6276,3109,5.7,5.7,5.7,5.7,0,0.0,0.0,0,0,0,0.0,5.05,0.0,0,Công ty Cổ phần Lilama 69-3,L63,UPCOM,2016-10-06,,0.0,,2017,6,16,89126900000.0
6275,3109,5.7,5.7,5.7,5.7,0,0.0,0.0,0,0,0,0.0,5.05,0.0,0,Công ty Cổ phần Lilama 69-3,L63,UPCOM,2016-10-06,,0.0,,2017,6,19,82273700000.0
6274,3109,5.7,5.7,5.7,5.7,0,0.0,0.0,0,0,0,0.0,5.05,0.0,0,Công ty Cổ phần Lilama 69-3,L63,UPCOM,2016-10-06,,0.0,,2017,6,20,113651000000.0
6273,3109,5.7,5.7,5.7,5.7,0,0.0,0.0,0,0,0,0.0,5.05,0.0,0,Công ty Cổ phần Lilama 69-3,L63,UPCOM,2016-10-06,,0.0,,2017,6,21,85343300000.0
6272,3109,5.7,5.7,5.7,5.7,0,0.0,0.0,0,0,0,0.0,5.05,0.0,0,Công ty Cổ phần Lilama 69-3,L63,UPCOM,2016-10-06,,0.0,,2017,6,22,111992000000.0
6271,3109,5.7,5.7,5.7,5.7,0,0.0,0.0,0,0,0,0.0,5.05,0.0,0,Công ty Cổ phần Lilama 69-3,L63,UPCOM,2016-10-06,,0.0,,2017,6,23,92782100000.0
6270,3109,5.7,5.7,5.7,5.7,0,0.0,0.0,0,0,0,0.0,5.05,0.0,0,Công ty Cổ phần Lilama 69-3,L63,UPCOM,2016-10-06,,0.0,,2017,6,26,87600800000.0
6269,3109,5.7,5.7,5.7,5.7,0,0.0,0.0,0,0,0,0.0,5.05,0.0,0,Công ty Cổ phần Lilama 69-3,L63,UPCOM,2016-10-06,,0.0,,2017,6,27,94030500000.0
6268,3109,5.7,5.7,5.7,5.7,0,0.0,0.0,0,0,0,0.0,5.05,0.0,0,Công ty Cổ phần Lilama 69-3,L63,UPCOM,2016-10-06,,0.0,,2017,6,28,84973500000.0
6267,3109,5.7,5.7,5.7,5.7,0,0.0,0.0,0,0,0,0.0,5.05,0.0,0,Công ty Cổ phần Lilama 69-3,L63,UPCOM,2016-10-06,,0.0,,2017,6,29,84476000000.0
6266,3109,6.5,6.5,6.5,6.5,400,0.0,0.0,0,0,0,2600000.0,5.76,0.8,0,Công ty Cổ phần Lilama 69-3,L63,UPCOM,2016-10-06,,0.0,,2017,6,30,103721000000.0
6265,3109,6.5,6.5,6.5,6.5,67,0.0,0.0,0,0,0,435500.0,5.76,0.0,0,Công ty Cổ phần Lilama 69-3,L63,UPCOM,2016-10-06,,0.0,,2017,7,3,88919100000.0
6264,3109,6.0,6.5,6.5,6.0,1100,0.0,0.0,0,0,0,6750000.0,5.76,0.0,0,Công ty Cổ phần Lilama 69-3,L63,UPCOM,2016-10-06,,0.0,,2017,7,4,103220000000.0
6263,3109,6.1,6.1,6.1,6.1,0,0.0,0.0,0,0,0,0.0,5.41,0.0,0,Công ty Cổ phần Lilama 69-3,L63,UPCOM,2016-10-06,,0.0,,2017,7,5,83690400000.0
6262,3109,6.1,6.1,6.1,6.1,0,0.0,0.0,0,0,0,0.0,5.41,0.0,0,Công ty Cổ phần Lilama 69-3,L63,UPCOM,2016-10-06,,0.0,,2017,7,6,120770000000.0
6261,3109,6.1,6.1,6.1,6.1,0,0.0,0.0,0,0,0,0.0,5.41,0.0,0,Công ty Cổ phần Lilama 69-3,L63,UPCOM,2016-10-06,,0.0,,2017,7,7,110372000000.0
6260,3109,6.1,6.1,6.1,6.1,0,0.0,0.0,0,0,0,0.0,5.41,0.0,0,Công ty Cổ phần Lilama 69-3,L63,UPCOM,2016-10-06,,0.0,,2017,7,10,89004100000.0
6259,3109,5.5,5.5,5.5,5.5,5525,0.0,0.0,0,0,0,30387500.0,4.88,-0.6,0,Công ty Cổ phần Lilama 69-3,L63,UPCOM,2016-10-06,,0.0,,2017,7,11,105951000000.0
6258,3109,5.5,5.5,5.5,5.5,0,0.0,0.0,0,0,0,0.0,4.88,0.0,0,Công ty Cổ phần Lilama 69-3,L63,UPCOM,2016-10-06,,0.0,,2017,7,12,91327200000.0
6257,3109,5.5,5.5,5.5,5.5,0,0.0,0.0,0,0,0,0.0,4.88,0.0,0,Công ty Cổ phần Lilama 69-3,L63,UPCOM,2016-10-06,,0.0,,2017,7,13,64858500000.0
6256,3109,5.5,5.5,5.5,5.5,0,0.0,0.0,0,0,0,0.0,4.88,0.0,0,Công ty Cổ phần Lilama 69-3,L63,UPCOM,2016-10-06,,0.0,,2017,7,14,64300100000.0
6255,3109,5.5,5.5,5.5,5.5,34000,0.0,0.0,0,0,0,187000000.0,4.88,0.0,0,Công ty Cổ phần Lilama 69-3,L63,UPCOM,2016-10-06,,0.0,,2017,7,17,89291000000.0
6254,3109,5.5,5.5,5.5,5.5,0,0.0,0.0,0,0,0,0.0,4.88,0.0,0,Công ty Cổ phần Lilama 69-3,L63,UPCOM,2016-10-06,,0.0,,2017,7,18,84869200000.0
6253,3109,5.5,5.5,5.5,5.5,0,0.0,0.0,0,0,0,0.0,4.88,0.0,0,Công ty Cổ phần Lilama 69-3,L63,UPCOM,2016-10-06,,0.0,,2017,7,19,71490400000.0
6252,3109,5.5,5.5,5.5,5.5,0,0.0,0.0,0,0,0,0.0,4.88,0.0,0,Công ty Cổ phần Lilama 69-3,L63,UPCOM,2016-10-06,,0.0,,2017,7,20,61638600000.0
6251,3109,5.5,5.5,5.5,5.5,0,0.0,0.0,0,0,0,0.0,4.88,0.0,0,Công ty Cổ phần Lilama 69-3,L63,UPCOM,2016-10-06,,0.0,,2017,7,21,107715000000.0
6250,3109,5.5,5.5,5.5,5.5,0,0.0,0.0,0,0,0,0.0,4.88,0.0,0,Công ty Cổ phần Lilama 69-3,L63,UPCOM,2016-10-06,,0.0,,2017,7,24,79623700000.0
6249,3109,5.5,5.5,5.5,5.5,0,0.0,0.0,0,0,0,0.0,4.88,0.0,0,Công ty Cổ phần Lilama 69-3,L63,UPCOM,2016-10-06,,0.0,,2017,7,25,63954800000.0
6248,3109,5.5,5.5,5.5,5.5,0,0.0,0.0,0,0,0,0.0,4.88,0.0,0,Công ty Cổ phần Lilama 69-3,L63,UPCOM,2016-10-06,,0.0,,2017,7,26,81799500000.0
6247,3109,5.5,5.5,5.5,5.5,0,0.0,0.0,0,0,0,0.0,4.88,0.0,0,Công ty Cổ phần Lilama 69-3,L63,UPCOM,2016-10-06,,0.0,,2017,7,27,102607000000.0
6246,3109,5.5,5.5,5.5,5.5,0,0.0,0.0,0,0,0,0.0,4.88,0.0,0,Công ty Cổ phần Lilama 69-3,L63,UPCOM,2016-10-06,,0.0,,2017,7,28,77182100000.0
6245,3109,5.5,5.5,5.5,5.5,0,0.0,0.0,0,0,0,0.0,4.88,0.0,0,Công ty Cổ phần Lilama 69-3,L63,UPCOM,2016-10-06,,0.0,,2017,7,31,109580000000.0
6244,3109,5.5,5.5,5.5,5.5,0,0.0,0.0,0,0,0,0.0,4.88,0.0,0,Công ty Cổ phần Lilama 69-3,L63,UPCOM,2016-10-06,,0.0,,2017,8,1,106952000000.0
6243,3109,5.5,5.5,5.5,5.5,0,0.0,0.0,0,0,0,0.0,4.88,0.0,0,Công ty Cổ phần Lilama 69-3,L63,UPCOM,2016-10-06,,0.0,,2017,8,2,103328000000.0
6242,3109,6.0,6.0,6.0,6.0,1000,0.0,0.0,0,0,0,6000000.0,5.32,0.5,0,Công ty Cổ phần Lilama 69-3,L63,UPCOM,2016-10-06,,0.0,,2017,8,3,101637000000.0
6241,3109,6.0,6.0,6.0,6.0,0,0.0,0.0,0,0,0,0.0,5.32,0.0,0,Công ty Cổ phần Lilama 69-3,L63,UPCOM,2016-10-06,,0.0,,2017,8,4,102481000000.0
6240,3109,6.0,6.0,6.0,6.0,0,0.0,0.0,0,0,0,0.0,5.32,0.0,0,Công ty Cổ phần Lilama 69-3,L63,UPCOM,2016-10-06,,0.0,,2017,8,7,115814000000.0
6239,3109,6.0,6.0,6.0,6.0,0,0.0,0.0,0,0,0,0.0,5.32,0.0,0,Công ty Cổ phần Lilama 69-3,L63,UPCOM,2016-10-06,,0.0,,2017,8,8,120526000000.0
6238,3109,6.0,6.0,6.0,6.0,0,0.0,0.0,0,0,0,0.0,5.32,0.0,0,Công ty Cổ phần Lilama 69-3,L63,UPCOM,2016-10-06,,0.0,,2017,8,9,111481000000.0
6237,3109,6.0,6.0,6.0,6.0,0,0.0,0.0,0,0,0,0.0,5.32,0.0,0,Công ty Cổ phần Lilama 69-3,L63,UPCOM,2016-10-06,,0.0,,2017,8,10,82915400000.0
6236,3109,5.5,5.5,5.5,5.5,2500,0.0,0.0,0,0,0,13750000.0,4.88,-0.5,0,Công ty Cổ phần Lilama 69-3,L63,UPCOM,2016-10-06,,0.0,,2017,8,11,85722400000.0
6235,3109,5.5,5.5,5.5,5.5,0,0.0,0.0,0,0,0,0.0,4.88,0.0,0,Công ty Cổ phần Lilama 69-3,L63,UPCOM,2016-10-06,,0.0,,2017,8,14,121232000000.0
6234,3109,5.5,5.5,5.5,5.5,0,0.0,0.0,0,0,0,0.0,4.88,0.0,0,Công ty Cổ phần Lilama 69-3,L63,UPCOM,2016-10-06,,0.0,,2017,8,15,102835000000.0
6233,3109,5.5,5.5,5.5,5.5,0,0.0,0.0,0,0,0,0.0,4.88,0.0,0,Công ty Cổ phần Lilama 69-3,L63,UPCOM,2016-10-06,,0.0,,2017,8,16,95607500000.0
6232,3109,5.5,5.5,5.5,5.5,0,0.0,0.0,0,0,0,0.0,4.88,0.0,0,Công ty Cổ phần Lilama 69-3,L63,UPCOM,2016-10-06,,0.0,,2017,8,17,89632800000.0
6231,3109,5.5,5.5,5.5,5.5,0,0.0,0.0,0,0,0,0.0,4.88,0.0,0,Công ty Cổ phần Lilama 69-3,L63,UPCOM,2016-10-06,,0.0,,2017,8,18,101749000000.0
session_id,stock_id,open_price,close_price,high_price,low_price,volume_detail,ceiling_price,floor_price,buy_volume,sell_volume,net_volume,matched_value,adjust_price,change_percent,outstanding_share,name,code,stock_space,join_date,leave_date,init_price,category,year,month,day_of_month,volume_session
6448,3109,10.0,10.0,10.0,10.0,1000,0.0,0.0,0,0,0,10000000.0,8.87,0.0,0,Công ty Cổ phần Lilama 69-3,L63,UPCOM,2016-10-06,,0.0,,2016,10,6,42273100000.0
6447,3109,10.0,10.0,10.0,10.0,0,0.0,0.0,0,0,0,0.0,8.87,0.0,0,Công ty Cổ phần Lilama 69-3,L63,UPCOM,2016-10-06,,0.0,,2016,10,7,44340400000.0
6446,3109,10.0,10.0,10.0,10.0,0,0.0,0.0,0,0,0,0.0,8.87,0.0,0,Công ty Cổ phần Lilama 69-3,L63,UPCOM,2016-10-06,,0.0,,2016,10,10,37949700000.0
6445,3109,10.0,10.0,10.0,10.0,0,0.0,0.0,0,0,0,0.0,8.87,0.0,0,Công ty Cổ phần Lilama 69-3,L63,UPCOM,2016-10-06,,0.0,,2016,10,11,39665000000.0
6444,3109,10.0,10.0,10.0,10.0,0,0.0,0.0,0,0,0,0.0,8.87,0.0,0,Công ty Cổ phần Lilama 69-3,L63,UPCOM,2016-10-06,,0.0,,2016,10,12,32429900000.0
6443,3109,8.5,8.5,8.5,8.5,100,0.0,0.0,0,0,0,850000.0,7.54,-1.5,0,Công ty Cổ phần Lilama 69-3,L63,UPCOM,2016-10-06,,0.0,,2016,10,13,26393000000.0
6442,3109,7.3,7.3,7.3,7.3,600,0.0,0.0,0,0,0,4380000.0,6.47,-1.2,0,Công ty Cổ phần Lilama 69-3,L63,UPCOM,2016-10-06,,0.0,,2016,10,14,32934800000.0
6441,3109,7.3,7.3,7.3,7.3,0,0.0,0.0,0,0,0,0.0,6.47,0.0,0,Công ty Cổ phần Lilama 69-3,L63,UPCOM,2016-10-06,,0.0,,2016,10,17,40273000000.0
6440,3109,6.3,6.3,6.3,6.3,1500,0.0,0.0,0,0,0,9450000.0,5.59,-1.0,0,Công ty Cổ phần Lilama 69-3,L63,UPCOM,2016-10-06,,0.0,,2016,10,18,48609800000.0
6439,3109,5.5,5.5,5.5,5.5,3300,0.0,0.0,0,0,0,18150000.0,4.88,-0.8,0,Công ty Cổ phần Lilama 69-3,L63,UPCOM,2016-10-06,,0.0,,2016,10,19,51446200000.0
6438,3109,4.7,4.7,4.7,4.7,3000,0.0,0.0,0,0,0,14100000.0,4.17,-0.8,0,Công ty Cổ phần Lilama 69-3,L63,UPCOM,2016-10-06,,0.0,,2016,10,20,42038400000.0
6437,3109,4.2,4.0,4.2,4.0,10700,0.0,0.0,0,0,0,43500000.0,3.55,-0.7,0,Công ty Cổ phần Lilama 69-3,L63,UPCOM,2016-10-06,,0.0,,2016,10,21,67315500000.0
6436,3109,4.1,4.1,4.1,4.1,0,0.0,0.0,0,0,0,0.0,3.64,0.0,0,Công ty Cổ phần Lilama 69-3,L63,UPCOM,2016-10-06,,0.0,,2016,10,24,39782400000.0
6435,3109,4.5,4.5,4.5,4.5,1000,0.0,0.0,0,0,0,4500000.0,3.99,0.4,0,Công ty Cổ phần Lilama 69-3,L63,UPCOM,2016-10-06,,0.0,,2016,10,25,36917500000.0
6434,3109,4.0,4.0,4.0,4.0,8000,0.0,0.0,0,0,0,32000000.0,3.55,-0.5,0,Công ty Cổ phần Lilama 69-3,L63,UPCOM,2016-10-06,,0.0,,2016,10,26,40558900000.0
6433,3109,4.5,4.5,4.5,4.5,600,0.0,0.0,0,0,0,2700000.0,3.99,0.5,0,Công ty Cổ phần Lilama 69-3,L63,UPCOM,2016-10-06,,0.0,,2016,10,27,37405200000.0
6432,3109,5.0,5.0,5.0,5.0,800,0.0,0.0,0,0,0,4000000.0,4.43,0.5,0,Công ty Cổ phần Lilama 69-3,L63,UPCOM,2016-10-06,,0.0,,2016,10,28,55292900000.0
6431,3109,5.0,5.0,5.0,4.3,1200,0.0,0.0,0,0,0,5860000.0,4.43,0.0,0,Công ty Cổ phần Lilama 69-3,L63,UPCOM,2016-10-06,,0.0,,2016,10,31,62462100000.0
6430,3109,5.3,5.3,5.3,5.3,1500,0.0,0.0,0,0,0,7950000.0,4.7,0.4,0,Công ty Cổ phần Lilama 69-3,L63,UPCOM,2016-10-06,,0.0,,2016,11,1,52028300000.0
6429,3109,4.6,5.3,5.3,4.6,1100,0.0,0.0,0,0,0,5760000.0,4.7,0.0,0,Công ty Cổ phần Lilama 69-3,L63,UPCOM,2016-10-06,,0.0,,2016,11,2,43088900000.0
6428,3109,5.2,5.2,5.2,5.2,1200,0.0,0.0,0,0,0,6240000.0,4.61,0.0,0,Công ty Cổ phần Lilama 69-3,L63,UPCOM,2016-10-06,,0.0,,2016,11,3,47212900000.0
6427,3109,4.5,5.0,5.0,4.5,7900,0.0,0.0,0,0,0,36550000.0,4.43,-0.2,0,Công ty Cổ phần Lilama 69-3,L63,UPCOM,2016-10-06,,0.0,,2016,11,4,171640000000.0
6426,3109,4.1,4.1,4.1,4.1,200,0.0,0.0,0,0,0,820000.0,3.64,-0.5,0,Công ty Cổ phần Lilama 69-3,L63,UPCOM,2016-10-06,,0.0,,2016,11,7,63911400000.0
6425,3109,4.5,4.5,4.5,4.5,500,0.0,0.0,0,0,0,2250000.0,3.99,0.4,0,Công ty Cổ phần Lilama 69-3,L63,UPCOM,2016-10-06,,0.0,,2016,11,8,79754400000.0
6424,3109,4.0,4.0,4.0,4.0,8600,0.0,0.0,0,0,0,34400000.0,3.55,-0.5,0,Công ty Cổ phần Lilama 69-3,L63,UPCOM,2016-10-06,,0.0,,2016,11,9,86317300000.0
6423,3109,4.0,4.0,4.0,4.0,0,0.0,0.0,0,0,0,0.0,3.55,0.0,0,Công ty Cổ phần Lilama 69-3,L63,UPCOM,2016-10-06,,0.0,,2016,11,10,73337700000.0
6422,3109,4.0,4.0,4.0,4.0,0,0.0,0.0,0,0,0,0.0,3.55,0.0,0,Công ty Cổ phần Lilama 69-3,L63,UPCOM,2016-10-06,,0.0,,2016,11,11,91088200000.0
6421,3109,4.0,4.0,4.0,4.0,0,0.0,0.0,0,0,0,0.0,3.55,0.0,0,Công ty Cổ phần Lilama 69-3,L63,UPCOM,2016-10-06,,0.0,,2016,11,14,61205300000.0
6420,3109,4.0,4.0,4.0,4.0,0,0.0,0.0,0,0,0,0.0,3.55,0.0,0,Công ty Cổ phần Lilama 69-3,L63,UPCOM,2016-10-06,,0.0,,2016,11,15,47230900000.0
6419,3109,4.0,4.0,4.0,4.0,0,0.0,0.0,0,0,0,0.0,3.55,0.0,0,Công ty Cổ phần Lilama 69-3,L63,UPCOM,2016-10-06,,0.0,,2016,11,16,44215000000.0
6418,3109,4.0,4.0,4.0,4.0,0,0.0,0.0,0,0,0,0.0,3.55,0.0,0,Công ty Cổ phần Lilama 69-3,L63,UPCOM,2016-10-06,,0.0,,2016,11,17,56862800000.0
6417,3109,4.6,4.6,4.6,4.6,100,0.0,0.0,0,0,0,460000.0,4.08,0.6,0,Công ty Cổ phần Lilama 69-3,L63,UPCOM,2016-10-06,,0.0,,2016,11,18,61372400000.0
6416,3109,4.8,4.8,4.8,4.8,1200,0.0,0.0,0,0,0,5760000.0,4.26,0.2,0,Công ty Cổ phần Lilama 69-3,L63,UPCOM,2016-10-06,,0.0,,2016,11,21,139242000000.0
6415,3109,5.0,5.0,5.0,5.0,3000,0.0,0.0,0,0,0,15000000.0,4.43,0.2,0,Công ty Cổ phần Lilama 69-3,L63,UPCOM,2016-10-06,,0.0,,2016,11,22,108060000000.0
6414,3109,5.0,5.0,5.0,5.0,0,0.0,0.0,0,0,0,0.0,4.43,0.0,0,Công ty Cổ phần Lilama 69-3,L63,UPCOM,2016-10-06,,0.0,,2016,11,23,232279000000.0
6413,3109,5.0,5.0,5.0,5.0,0,0.0,0.0,0,0,0,0.0,4.43,0.0,0,Công ty Cổ phần Lilama 69-3,L63,UPCOM,2016-10-06,,0.0,,2016,11,24,118615000000.0
6412,3109,5.0,5.0,5.0,5.0,3400,0.0,0.0,0,0,0,17000000.0,4.43,0.0,0,Công ty Cổ phần Lilama 69-3,L63,UPCOM,2016-10-06,,0.0,,2016,11,25,89927600000.0
6411,3109,5.0,5.0,5.0,5.0,0,0.0,0.0,0,0,0,0.0,4.43,0.0,0,Công ty Cổ phần Lilama 69-3,L63,UPCOM,2016-10-06,,0.0,,2016,11,28,122618000000.0
6410,3109,5.0,5.0,5.0,5.0,0,0.0,0.0,0,0,0,0.0,4.43,0.0,0,Công ty Cổ phần Lilama 69-3,L63,UPCOM,2016-10-06,,0.0,,2016,11,29,72533200000.0
6409,3109,5.0,5.0,5.0,5.0,0,0.0,0.0,0,0,0,0.0,4.43,0.0,0,Công ty Cổ phần Lilama 69-3,L63,UPCOM,2016-10-06,,0.0,,2016,11,30,100595000000.0
6408,3109,5.0,5.0,5.0,5.0,0,0.0,0.0,0,0,0,0.0,4.43,0.0,0,Công ty Cổ phần Lilama 69-3,L63,UPCOM,2016-10-06,,0.0,,2016,12,1,126266000000.0
6407,3109,5.0,5.0,5.0,5.0,0,0.0,0.0,0,0,0,0.0,4.43,0.0,0,Công ty Cổ phần Lilama 69-3,L63,UPCOM,2016-10-06,,0.0,,2016,12,2,126742000000.0
session_id,stock_id,open_price,close_price,high_price,low_price,volume_detail,ceiling_price,floor_price,buy_volume,sell_volume,net_volume,matched_value,adjust_price,change_percent,outstanding_share,name,code,stock_space,join_date,leave_date,init_price,category,year,month,day_of_month,volume_session
4817,3109,6.7,6.7,6.7,6.7,0,0.0,0.0,0,0,0,0.0,6.7,0.0,0,Công ty Cổ phần Lilama 69-3,L63,UPCOM,2016-10-06,,0.0,,2023,5,17,596787000000.0
4816,3109,6.7,6.7,6.7,6.7,0,0.0,0.0,0,0,0,0.0,6.7,0.0,0,Công ty Cổ phần Lilama 69-3,L63,UPCOM,2016-10-06,,0.0,,2023,5,18,452755000000.0
4815,3109,6.7,6.7,6.7,6.7,0,0.0,0.0,0,0,0,0.0,6.7,0.0,0,Công ty Cổ phần Lilama 69-3,L63,UPCOM,2016-10-06,,0.0,,2023,5,19,610612000000.0
4814,3109,6.7,6.7,6.7,6.7,0,0.0,0.0,0,0,0,0.0,6.7,0.0,0,Công ty Cổ phần Lilama 69-3,L63,UPCOM,2016-10-06,,0.0,,2023,5,22,541384000000.0
4813,3109,6.7,6.7,6.7,6.7,0,0.0,0.0,0,0,0,0.0,6.7,0.0,0,Công ty Cổ phần Lilama 69-3,L63,UPCOM,2016-10-06,,0.0,,2023,5,23,589042000000.0
4812,3109,6.7,6.7,6.7,6.7,0,0.0,0.0,0,0,0,0.0,6.7,0.0,0,Công ty Cổ phần Lilama 69-3,L63,UPCOM,2016-10-06,,0.0,,2023,5,24,417134000000.0
4811,3109,6.7,6.7,6.7,6.7,0,0.0,0.0,0,0,0,0.0,6.7,0.0,0,Công ty Cổ phần Lilama 69-3,L63,UPCOM,2016-10-06,,0.0,,2023,5,25,457573000000.0
4810,3109,6.7,6.7,6.7,6.7,0,0.0,0.0,0,0,0,0.0,6.7,0.0,0,Công ty Cổ phần Lilama 69-3,L63,UPCOM,2016-10-06,,0.0,,2023,5,26,867663000000.0
4809,3109,6.7,6.7,6.7,6.7,0,0.0,0.0,0,0,0,0.0,6.7,0.0,0,Công ty Cổ phần Lilama 69-3,L63,UPCOM,2016-10-06,,0.0,,2023,5,29,598726000000.0
4808,3109,6.7,6.7,6.7,6.7,0,0.0,0.0,0,0,0,0.0,6.7,0.0,0,Công ty Cổ phần Lilama 69-3,L63,UPCOM,2016-10-06,,0.0,,2023,5,30,797759000000.0
4807,3109,6.7,6.7,6.7,6.7,0,0.0,0.0,0,0,0,0.0,6.7,0.0,0,Công ty Cổ phần Lilama 69-3,L63,UPCOM,2016-10-06,,0.0,,2023,5,31,860345000000.0
4806,3109,6.7,6.7,6.7,6.7,0,0.0,0.0,0,0,0,0.0,6.7,0.0,0,Công ty Cổ phần Lilama 69-3,L63,UPCOM,2016-10-06,,0.0,,2023,6,1,784243000000.0
4805,3109,6.7,6.7,6.7,6.7,0,0.0,0.0,0,0,0,0.0,6.7,0.0,0,Công ty Cổ phần Lilama 69-3,L63,UPCOM,2016-10-06,,0.0,,2023,6,2,911677000000.0
4804,3109,4.1,4.1,5.0,4.1,11200,0.0,0.0,0,0,0,46540000.0,4.1,-2.6,0,Công ty Cổ phần Lilama 69-3,L63,UPCOM,2016-10-06,,0.0,,2023,6,5,850691000000.0
4803,3109,4.2,4.2,4.2,4.2,0,0.0,0.0,0,0,0,0.0,4.2,0.0,0,Công ty Cổ phần Lilama 69-3,L63,UPCOM,2016-10-06,,0.0,,2023,6,6,735226000000.0
4802,3109,4.2,4.2,4.2,4.1,2409,0.0,0.0,0,0,0,9916900.0,4.2,0.0,0,Công ty Cổ phần Lilama 69-3,L63,UPCOM,2016-10-06,,0.0,,2023,6,7,779549000000.0
4801,3109,4.1,4.3,4.3,4.1,1200,0.0,0.0,0,0,0,5040000.0,4.3,0.2,0,Công ty Cổ phần Lilama 69-3,L63,UPCOM,2016-10-06,,0.0,,2023,6,8,972083000000.0
4800,3109,4.2,4.2,4.2,4.2,100,0.0,0.0,0,0,0,420000.0,4.2,0.0,0,Công ty Cổ phần Lilama 69-3,L63,UPCOM,2016-10-06,,0.0,,2023,6,9,784155000000.0
4799,3109,4.0,4.7,4.8,4.0,15100,0.0,0.0,0,0,0,65550000.0,4.7,0.5,0,Công ty Cổ phần Lilama 69-3,L63,UPCOM,2016-10-06,,0.0,,2023,6,12,637523000000.0
4798,3109,5.0,5.1,5.1,5.0,400,0.0,0.0,0,0,0,2020000.0,5.1,0.2,0,Công ty Cổ phần Lilama 69-3,L63,UPCOM,2016-10-06,,0.0,,2023,6,14,763309000000.0
4797,3109,5.1,5.1,5.1,5.1,600,0.0,0.0,0,0,0,3060000.0,5.1,0.0,0,Công ty Cổ phần Lilama 69-3,L63,UPCOM,2016-10-06,,0.0,,2023,6,15,619574000000.0
4796,3109,5.1,5.1,5.1,5.1,0,0.0,0.0,0,0,0,0.0,5.1,0.0,0,Công ty Cổ phần Lilama 69-3,L63,UPCOM,2016-10-06,,0.0,,2023,6,16,897713000000.0
4795,3109,5.1,5.1,5.1,5.1,0,0.0,0.0,0,0,0,0.0,5.1,0.0,0,Công ty Cổ phần Lilama 69-3,L63,UPCOM,2016-10-06,,0.0,,2023,6,19,554708000000.0
4794,3109,5.1,5.1,5.2,5.1,1400,0.0,0.0,0,0,0,7160000.0,5.1,0.0,0,Công ty Cổ phần Lilama 69-3,L63,UPCOM,2016-10-06,,0.0,,2023,6,20,557490000000.0
4793,3109,5.1,5.1,5.1,5.1,400,0.0,0.0,0,0,0,2040000.0,5.1,0.0,0,Công ty Cổ phần Lilama 69-3,L63,UPCOM,2016-10-06,,0.0,,2023,6,21,817903000000.0
4792,3109,5.1,5.1,5.1,5.1,400,0.0,0.0,0,0,0,2040000.0,5.1,0.0,0,Công ty Cổ phần Lilama 69-3,L63,UPCOM,2016-10-06,,0.0,,2023,6,22,833329000000.0
4791,3109,5.1,5.1,5.1,5.1,1200,0.0,0.0,0,0,0,6120000.0,5.1,0.0,0,Công ty Cổ phần Lilama 69-3,L63,UPCOM,2016-10-06,,0.0,,2023,6,23,847219000000.0
4790,3109,5.1,5.1,5.1,5.1,0,0.0,0.0,0,0,0,0.0,5.1,0.0,0,Công ty Cổ phần Lilama 69-3,L63,UPCOM,2016-10-06,,0.0,,2023,6,26,860095000000.0
4789,3109,5.1,5.1,5.1,5.1,5000,0.0,0.0,0,0,0,25500000.0,5.1,0.0,0,Công ty Cổ phần Lilama 69-3,L63,UPCOM,2016-10-06,,0.0,,2023,6,27,567850000000.0
4788,3109,5.1,5.1,5.1,5.1,10,0.0,0.0,0,0,0,58000.0,5.1,0.0,0,Công ty Cổ phần Lilama 69-3,L63,UPCOM,2016-10-06,,0.0,,2023,6,28,659102000000.0
4787,3109,5.1,5.1,5.1,5.1,0,0.0,0.0,0,0,0,0.0,5.1,0.0,0,Công ty Cổ phần Lilama 69-3,L63,UPCOM,2016-10-06,,0.0,,2023,6,29,666695000000.0
4786,3109,5.1,5.1,5.1,5.1,10,0.0,0.0,0,0,0,58000.0,5.1,0.0,0,Công ty Cổ phần Lilama 69-3,L63,UPCOM,2016-10-06,,0.0,,2023,6,30,543269000000.0
4785,3109,5.1,5.1,5.1,5.1,0,0.0,0.0,0,0,0,0.0,5.1,0.0,0,Công ty Cổ phần Lilama 69-3,L63,UPCOM,2016-10-06,,0.0,,2023,7,3,477651000000.0
4784,3109,5.1,5.1,5.1,5.1,1000,0.0,0.0,0,0,0,5100000.0,5.1,0.0,0,Công ty Cổ phần Lilama 69-3,L63,UPCOM,2016-10-06,,0.0,,2023,7,4,638481000000.0
4783,3109,5.1,5.3,5.3,5.1,4100,0.0,0.0,0,0,0,21530000.0,5.3,0.2,0,Công ty Cổ phần Lilama 69-3,L63,UPCOM,2016-10-06,,0.0,,2023,7,5,701030000000.0
4782,3109,5.0,5.0,5.0,5.0,300,0.0,0.0,0,0,0,1500000.0,5.0,-0.3,0,Công ty Cổ phần Lilama 69-3,L63,UPCOM,2016-10-06,,0.0,,2023,7,6,637903000000.0
4781,3109,5.0,5.0,5.0,5.0,0,0.0,0.0,0,0,0,0.0,5.0,0.0,0,Công ty Cổ phần Lilama 69-3,L63,UPCOM,2016-10-06,,0.0,,2023,7,7,729580000000.0
4780,3109,5.0,5.0,5.0,5.0,0,0.0,0.0,0,0,0,0.0,5.0,0.0,0,Công ty Cổ phần Lilama 69-3,L63,UPCOM,2016-10-06,,0.0,,2023,7,10,1270370000000.0
4779,3109,5.0,5.0,5.0,5.0,0,0.0,0.0,0,0,0,0.0,5.0,0.0,0,Công ty Cổ phần Lilama 69-3,L63,UPCOM,2016-10-06,,0.0,,2023,7,11,779753000000.0
4778,3109,5.1,5.1,5.1,5.1,3500,0.0,0.0,0,0,0,17850000.0,5.1,0.1,0,Công ty Cổ phần Lilama 69-3,L63,UPCOM,2016-10-06,,0.0,,2023,7,12,885074000000.0
4777,3109,4.4,5.1,5.1,4.4,1701,0.0,0.0,0,0,0,8324400.0,5.1,0.0,0,Công ty Cổ phần Lilama 69-3,L63,UPCOM,2016-10-06,,0.0,,2023,7,13,793503000000.0
4776,3109,4.9,4.9,4.9,4.9,0,0.0,0.0,0,0,0,0.0,4.9,0.0,0,Công ty Cổ phần Lilama 69-3,L63,UPCOM,2016-10-06,,0.0,,2023,7,14,907996000000.0
4775,3109,4.9,5.1,4.9,4.9,30,0.0,0.0,0,0,0,126000.0,5.1,0.2,0,Công ty Cổ phần Lilama 69-3,L63,UPCOM,2016-10-06,,0.0,,2023,7,17,838562000000.0
4774,3109,4.9,4.9,4.9,4.9,0,0.0,0.0,0,0,0,0.0,4.9,0.0,0,Công ty Cổ phần Lilama 69-3,L63,UPCOM,2016-10-06,,0.0,,2023,7,18,673486000000.0
4773,3109,4.9,4.9,4.9,4.9,0,0.0,0.0,0,0,0,0.0,4.9,0.0,0,Công ty Cổ phần Lilama 69-3,L63,UPCOM,2016-10-06,,0.0,,2023,7,19,739111000000.0
4772,3109,4.9,4.9,4.9,4.9,0,0.0,0.0,0,0,0,0.0,4.9,0.0,0,Công ty Cổ phần Lilama 69-3,L63,UPCOM,2016-10-06,,0.0,,2023,7,20,602157000000.0
4771,3109,4.9,4.9,4.9,4.9,0,0.0,0.0,0,0,0,0.0,4.9,0.0,0,Công ty Cổ phần Lilama 69-3,L63,UPCOM,2016-10-06,,0.0,,2023,7,21,778375000000.0
4770,3109,4.9,4.9,4.9,4.9,200,0.0,0.0,0,0,0,980000.0,4.9,0.0,0,Công ty Cổ phần Lilama 69-3,L63,UPCOM,2016-10-06,,0.0,,2023,7,24,1006820000000.0
4769,3109,5.0,5.0,5.0,5.0,1600,0.0,0.0,0,0,0,8000000.0,5.0,0.1,0,Công ty Cổ phần Lilama 69-3,L63,UPCOM,2016-10-06,,0.0,,2023,7,25,912745000000.0
4768,3109,5.0,5.0,5.0,5.0,0,0.0,0.0,0,0,0,0.0,5.0,0.0,0,Công ty Cổ phần Lilama 69-3,L63,UPCOM,2016-10-06,,0.0,,2023,7,26,742424000000.0
4767,3109,5.0,5.0,5.0,5.0,0,0.0,0.0,0,0,0,0.0,5.0,0.0,0,Công ty Cổ phần Lilama 69-3,L63,UPCOM,2016-10-06,,0.0,,2023,7,28,826488000000.0
4766,3109,5.0,5.0,5.0,5.0,0,0.0,0.0,0,0,0,0.0,5.0,0.0,0,Công ty Cổ phần Lilama 69-3,L63,UPCOM,2016-10-06,,0.0,,2023,7,31,1269880000000.0
4765,3109,5.6,5.6,5.6,5.6,0,0.0,0.0,0,0,0,0.0,5.6,0.0,0,Công ty Cổ phần Lilama 69-3,L63,UPCOM,2016-10-06,,0.0,,2023,8,3,1013090000000.0
4764,3109,5.6,5.6,5.6,5.6,0,0.0,0.0,0,0,0,0.0,5.6,0.0,0,Công ty Cổ phần Lilama 69-3,L63,UPCOM,2016-10-06,,0.0,,2023,8,4,1247860000000.0
4763,3109,5.6,5.6,5.6,5.6,0,0.0,0.0,0,0,0,0.0,5.6,0.0,0,Công ty Cổ phần Lilama 69-3,L63,UPCOM,2016-10-06,,0.0,,2023,8,7,1143560000000.0
4762,3109,5.6,5.6,5.6,5.6,0,0.0,0.0,0,0,0,0.0,5.6,0.0,0,Công ty Cổ phần Lilama 69-3,L63,UPCOM,2016-10-06,,0.0,,2023,8,8,1123310000000.0
4761,3109,5.6,5.6,5.6,5.6,1,0.0,0.0,0,0,0,6400.0,5.6,0.0,0,Công ty Cổ phần Lilama 69-3,L63,UPCOM,2016-10-06,,0.0,,2023,8,9,1068850000000.0
4760,3109,5.6,5.6,5.6,5.6,0,0.0,0.0,0,0,0,0.0,5.6,0.0,0,Công ty Cổ phần Lilama 69-3,L63,UPCOM,2016-10-06,,0.0,,2023,8,10,1109030000000.0
4759,3109,5.6,5.6,5.6,5.6,0,0.0,0.0,0,0,0,0.0,5.6,0.0,0,Công ty Cổ phần Lilama 69-3,L63,UPCOM,2016-10-06,,0.0,,2023,8,11,1164620000000.0
4758,3109,5.6,5.6,5.6,5.6,0,0.0,0.0,0,0,0,0.0,5.6,0.0,0,Công ty Cổ phần Lilama 69-3,L63,UPCOM,2016-10-06,,0.0,,2023,8,14,877663000000.0
4757,3109,5.6,5.6,5.6,5.6,0,0.0,0.0,0,0,0,0.0,5.6,0.0,0,Công ty Cổ phần Lilama 69-3,L63,UPCOM,2016-10-06,,0.0,,2023,8,15,859845000000.0
4756,3109,4.8,4.8,4.8,4.8,1500,0.0,0.0,0,0,0,7200000.0,4.8,-0.8,0,Công ty Cổ phần Lilama 69-3,L63,UPCOM,2016-10-06,,0.0,,2023,8,16,851752000000.0
4755,3109,4.8,4.8,4.8,4.8,0,0.0,0.0,0,0,0,0.0,4.8,0.0,0,Công ty Cổ phần Lilama 69-3,L63,UPCOM,2016-10-06,,0.0,,2023,8,17,981925000000.0
4754,3109,5.4,5.4,5.4,5.4,2000,0.0,0.0,0,0,0,10800000.0,5.4,0.6,0,Công ty Cổ phần Lilama 69-3,L63,UPCOM,2016-10-06,,0.0,,2023,8,18,1755080000000.0
4753,3109,5.4,5.4,5.4,5.4,0,0.0,0.0,0,0,0,0.0,5.4,0.0,0,Công ty Cổ phần Lilama 69-3,L63,UPCOM,2016-10-06,,0.0,,2023,8,21,687691000000.0
4752,3109,5.4,5.4,5.4,5.4,0,0.0,0.0,0,0,0,0.0,5.4,0.0,0,Công ty Cổ phần Lilama 69-3,L63,UPCOM,2016-10-06,,0.0,,2023,8,22,619428000000.0
4751,3109,5.4,5.4,5.4,5.4,0,0.0,0.0,0,0,0,0.0,5.4,0.0,0,Công ty Cổ phần Lilama 69-3,L63,UPCOM,2016-10-06,,0.0,,2023,8,23,428211000000.0
4750,3109,5.4,5.4,5.4,5.4,0,0.0,0.0,0,0,0,0.0,5.4,0.0,0,Công ty Cổ phần Lilama 69-3,L63,UPCOM,2016-10-06,,0.0,,2023,8,24,575149000000.0
4749,3109,5.4,5.4,5.4,5.4,0,0.0,0.0,0,0,0,0.0,5.4,0.0,0,Công ty Cổ phần Lilama 69-3,L63,UPCOM,2016-10-06,,0.0,,2023,8,25,647039000000.0
4748,3109,5.4,5.4,5.4,5.4,0,0.0,0.0,0,0,0,0.0,5.4,0.0,0,Công ty Cổ phần Lilama 69-3,L63,UPCOM,2016-10-06,,0.0,,2023,8,28,576712000000.0
4747,3109,5.4,5.4,5.4,5.4,0,0.0,0.0,0,0,0,0.0,5.4,0.0,0,Công ty Cổ phần Lilama 69-3,L63,UPCOM,2016-10-06,,0.0,,2023,8,29,772956000000.0
4746,3109,5.4,5.4,5.4,5.4,0,0.0,0.0,0,0,0,0.0,5.4,0.0,0,Công ty Cổ phần Lilama 69-3,L63,UPCOM,2016-10-06,,0.0,,2023,8,30,586790000000.0
4745,3109,5.4,5.4,5.4,5.4,0,0.0,0.0,0,0,0,0.0,5.4,0.0,0,Công ty Cổ phần Lilama 69-3,L63,UPCOM,2016-10-06,,0.0,,2023,8,31,730119000000.0
4744,3109,5.9,5.9,5.9,5.9,1038,0.0,0.0,0,0,0,6082400.0,5.9,0.5,0,Công ty Cổ phần Lilama 69-3,L63,UPCOM,2016-10-06,,0.0,,2023,9,5,825245000000.0
4743,3109,5.9,5.9,5.9,5.9,0,0.0,0.0,0,0,0,0.0,5.9,0.0,0,Công ty Cổ phần Lilama 69-3,L63,UPCOM,2016-10-06,,0.0,,2023,9,6,1223680000000.0
4742,3109,5.9,5.9,5.9,5.9,0,0.0,0.0,0,0,0,0.0,5.9,0.0,0,Công ty Cổ phần Lilama 69-3,L63,UPCOM,2016-10-06,,0.0,,2023,9,7,964664000000.0
4741,3109,5.9,5.9,5.9,5.9,0,0.0,0.0,0,0,0,0.0,5.9,0.0,0,Công ty Cổ phần Lilama 69-3,L63,UPCOM,2016-10-06,,0.0,,2023,9,8,1066720000000.0
4740,3109,5.9,5.9,5.9,5.9,0,0.0,0.0,0,0,0,0.0,5.9,0.0,0,Công ty Cổ phần Lilama 69-3,L63,UPCOM,2016-10-06,,0.0,,2023,9,11,1221320000000.0
4739,3109,5.9,5.9,5.9,5.9,0,0.0,0.0,0,0,0,0.0,5.9,0.0,0,Công ty Cổ phần Lilama 69-3,L63,UPCOM,2016-10-06,,0.0,,2023,9,12,866340000000.0
4738,3109,5.9,5.9,5.9,5.9,0,0.0,0.0,0,0,0,0.0,5.9,0.0,0,Công ty Cổ phần Lilama 69-3,L63,UPCOM,2016-10-06,,0.0,,2023,9,13,1392960000000.0
4737,3109,5.9,5.9,5.9,5.9,0,0.0,0.0,0,0,0,0.0,5.9,0.0,0,Công ty Cổ phần Lilama 69-3,L63,UPCOM,2016-10-06,,0.0,,2023,9,14,1011600000000.0
4736,3109,5.9,5.9,5.9,5.9,0,0.0,0.0,0,0,0,0.0,5.9,0.0,0,Công ty Cổ phần Lilama 69-3,L63,UPCOM,2016-10-06,,0.0,,2023,9,15,868760000000.0
4735,3109,5.9,5.9,5.9,5.9,0,0.0,0.0,0,0,0,0.0,5.9,0.0,0,Công ty Cổ phần Lilama 69-3,L63,UPCOM,2016-10-06,,0.0,,2023,9,18,761763000000.0
4734,3109,6.3,6.3,6.3,6.3,600,0.0,0.0,0,0,0,3780000.0,6.3,0.4,0,Công ty Cổ phần Lilama 69-3,L63,UPCOM,2016-10-06,,0.0,,2023,9,19,738083000000.0
4733,3109,6.3,6.3,6.3,6.3,0,0.0,0.0,0,0,0,0.0,6.3,0.0,0,Công ty Cổ phần Lilama 69-3,L63,UPCOM,2016-10-06,,0.0,,2023,9,20,757616000000.0
4732,3109,6.3,6.3,6.3,6.3,0,0.0,0.0,0,0,0,0.0,6.3,0.0,0,Công ty Cổ phần Lilama 69-3,L63,UPCOM,2016-10-06,,0.0,,2023,9,21,1122400000000.0
4731,3109,6.3,6.3,6.3,6.3,500,0.0,0.0,0,0,0,3150000.0,6.3,0.0,0,Công ty Cổ phần Lilama 69-3,L63,UPCOM,2016-10-06,,0.0,,2023,9,22,1367230000000.0
4730,3109,6.3,6.3,6.3,6.3,0,0.0,0.0,0,0,0,0.0,6.3,0.0,0,Công ty Cổ phần Lilama 69-3,L63,UPCOM,2016-10-06,,0.0,,2023,9,25,1140200000000.0
4729,3109,6.3,6.3,6.3,6.3,0,0.0,0.0,0,0,0,0.0,6.3,0.0,0,Công ty Cổ phần Lilama 69-3,L63,UPCOM,2016-10-06,,0.0,,2023,9,26,857658000000.0
4728,3109,6.3,6.3,6.3,6.3,0,0.0,0.0,0,0,0,0.0,6.3,0.0,0,Công ty Cổ phần Lilama 69-3,L63,UPCOM,2016-10-06,,0.0,,2023,9,27,855741000000.0
4727,3109,6.3,6.3,6.3,6.3,0,0.0,0.0,0,0,0,0.0,6.3,0.0,0,Công ty Cổ phần Lilama 69-3,L63,UPCOM,2016-10-06,,0.0,,2023,9,28,751249000000.0
4726,3109,6.3,6.3,6.3,6.3,0,0.0,0.0,0,0,0,0.0,6.3,0.0,0,Công ty Cổ phần Lilama 69-3,L63,UPCOM,2016-10-06,,0.0,,2023,9,29,536271000000.0
4725,3109,6.3,6.3,6.3,6.3,0,0.0,0.0,0,0,0,0.0,6.3,0.0,0,Công ty Cổ phần Lilama 69-3,L63,UPCOM,2016-10-06,,0.0,,2023,10,2,553845000000.0
4724,3109,6.3,6.3,6.3,6.3,0,0.0,0.0,0,0,0,0.0,6.3,0.0,0,Công ty Cổ phần Lilama 69-3,L63,UPCOM,2016-10-06,,0.0,,2023,10,3,980988000000.0
4723,3109,6.3,6.3,6.3,6.3,0,0.0,0.0,0,0,0,0.0,6.3,0.0,0,Công ty Cổ phần Lilama 69-3,L63,UPCOM,2016-10-06,,0.0,,2023,10,4,546843000000.0
4722,3109,6.3,6.3,6.3,6.3,0,0.0,0.0,0,0,0,0.0,6.3,0.0,0,Công ty Cổ phần Lilama 69-3,L63,UPCOM,2016-10-06,,0.0,,2023,10,5,584652000000.0
4721,3109,6.3,6.3,6.3,6.3,1,0.0,0.0,0,0,0,5400.0,6.3,0.0,0,Công ty Cổ phần Lilama 69-3,L63,UPCOM,2016-10-06,,0.0,,2023,10,6,513676000000.0
4720,3109,6.3,6.3,6.3,6.3,0,0.0,0.0,0,0,0,0.0,6.3,0.0,0,Công ty Cổ phần Lilama 69-3,L63,UPCOM,2016-10-06,,0.0,,2023,10,9,529047000000.0
4719,3109,6.3,6.3,6.3,6.3,0,0.0,0.0,0,0,0,0.0,6.3,0.0,0,Công ty Cổ phần Lilama 69-3,L63,UPCOM,2016-10-06,,0.0,,2023,10,10,692166000000.0
4718,3109,6.3,6.3,6.3,6.3,0,0.0,0.0,0,0,0,0.0,6.3,0.0,0,Công ty Cổ phần Lilama 69-3,L63,UPCOM,2016-10-06,,0.0,,2023,10,11,586007000000.0
4717,3109,6.3,6.3,6.3,6.3,0,0.0,0.0,0,0,0,0.0,6.3,0.0,0,Công ty Cổ phần Lilama 69-3,L63,UPCOM,2016-10-06,,0.0,,2023,10,12,561842000000.0
4716,3109,6.3,6.3,6.3,6.3,0,0.0,0.0,0,0,0,0.0,6.3,0.0,0,Công ty Cổ phần Lilama 69-3,L63,UPCOM,2016-10-06,,0.0,,2023,10,13,624944000000.0
4715,3109,6.3,6.3,6.3,6.3,0,0.0,0.0,0,0,0,0.0,6.3,0.0,0,Công ty Cổ phần Lilama 69-3,L63,UPCOM,2016-10-06,,0.0,,2023,10,16,713124000000.0
4714,3109,6.3,6.3,6.3,6.3,0,0.0,0.0,0,0,0,0.0,6.3,0.0,0,Công ty Cổ phần Lilama 69-3,L63,UPCOM,2016-10-06,,0.0,,2023,10,17,752963000000.0
4713,3109,6.3,6.3,6.3,6.3,0,0.0,0.0,0,0,0,0.0,6.3,0.0,0,Công ty Cổ phần Lilama 69-3,L63,UPCOM,2016-10-06,,0.0,,2023,10,18,865640000000.0
4712,3109,6.3,6.3,6.3,6.3,0,0.0,0.0,0,0,0,0.0,6.3,0.0,0,Công ty Cổ phần Lilama 69-3,L63,UPCOM,2016-10-06,,0.0,,2023,10,19,484743000000.0
4711,3109,6.3,6.3,6.3,6.3,0,0.0,0.0,0,0,0,0.0,6.3,0.0,0,Công ty Cổ phần Lilama 69-3,L63,UPCOM,2016-10-06,,0.0,,2023,10,20,566432000000.0
4710,3109,6.3,6.3,6.3,6.3,0,0.0,0.0,0,0,0,0.0,6.3,0.0,0,Công ty Cổ phần Lilama 69-3,L63,UPCOM,2016-10-06,,0.0,,2023,10,23,377188000000.0
4709,3109,6.3,6.3,6.3,6.3,0,0.0,0.0,0,0,0,0.0,6.3,0.0,0,Công ty Cổ phần Lilama 69-3,L63,UPCOM,2016-10-06,,0.0,,2023,10,24,374395000000.0
4708,3109,6.3,6.3,6.3,6.3,0,0.0,0.0,0,0,0,0.0,6.3,0.0,0,Công ty Cổ phần Lilama 69-3,L63,UPCOM,2016-10-06,,0.0,,2023,10,25,542002000000.0
session_id,stock_id,open_price,close_price,high_price,low_price,volume_detail,ceiling_price,floor_price,buy_volume,sell_volume,net_volume,matched_value,adjust_price,change_percent,outstanding_share,name,code,stock_space,join_date,leave_date,init_price,category,year,month,day_of_month,volume_session
4933,3109,6.5,6.5,6.5,6.5,0,0.0,0.0,0,0,0,0.0,6.5,0.0,0,Công ty Cổ phần Lilama 69-3,L63,UPCOM,2016-10-06,,0.0,,2022,11,16,556051000000.0
4932,3109,6.5,6.5,6.5,6.5,0,0.0,0.0,0,0,0,0.0,6.5,0.0,0,Công ty Cổ phần Lilama 69-3,L63,UPCOM,2016-10-06,,0.0,,2022,11,17,297087000000.0
4931,3109,6.5,6.5,6.5,6.5,0,0.0,0.0,0,0,0,0.0,6.5,0.0,0,Công ty Cổ phần Lilama 69-3,L63,UPCOM,2016-10-06,,0.0,,2022,11,18,446737000000.0
4930,3109,6.5,6.5,6.5,6.5,0,0.0,0.0,0,0,0,0.0,6.5,0.0,0,Công ty Cổ phần Lilama 69-3,L63,UPCOM,2016-10-06,,0.0,,2022,11,21,303379000000.0
4929,3109,6.5,6.5,6.5,6.5,100,0.0,0.0,0,0,0,650000.0,6.5,0.0,0,Công ty Cổ phần Lilama 69-3,L63,UPCOM,2016-10-06,,0.0,,2022,11,22,448892000000.0
4928,3109,6.5,6.5,6.5,6.5,100,0.0,0.0,0,0,0,650000.0,6.5,0.0,0,Công ty Cổ phần Lilama 69-3,L63,UPCOM,2016-10-06,,0.0,,2022,11,23,238533000000.0
4927,3109,6.5,6.5,6.5,6.5,0,0.0,0.0,0,0,0,0.0,6.5,0.0,0,Công ty Cổ phần Lilama 69-3,L63,UPCOM,2016-10-06,,0.0,,2022,11,24,274411000000.0
4926,3109,7.1,7.1,7.1,7.1,100,0.0,0.0,0,0,0,710000.0,7.1,0.6,0,Công ty Cổ phần Lilama 69-3,L63,UPCOM,2016-10-06,,0.0,,2022,11,25,293088000000.0
4925,3109,7.1,7.1,7.1,7.1,0,0.0,0.0,0,0,0,0.0,7.1,0.0,0,Công ty Cổ phần Lilama 69-3,L63,UPCOM,2016-10-06,,0.0,,2022,11,28,406297000000.0
4924,3109,7.1,7.1,7.1,7.1,0,0.0,0.0,0,0,0,0.0,7.1,0.0,0,Công ty Cổ phần Lilama 69-3,L63,UPCOM,2016-10-06,,0.0,,2022,11,29,483878000000.0
4923,3109,7.1,7.1,7.1,7.1,0,0.0,0.0,0,0,0,0.0,7.1,0.0,0,Công ty Cổ phần Lilama 69-3,L63,UPCOM,2016-10-06,,0.0,,2022,11,30,391289000000.0
4922,3109,7.1,7.1,7.1,7.1,0,0.0,0.0,0,0,0,0.0,7.1,0.0,0,Công ty Cổ phần Lilama 69-3,L63,UPCOM,2016-10-06,,0.0,,2022,12,1,630303000000.0
4921,3109,7.1,7.1,7.1,7.1,0,0.0,0.0,0,0,0,0.0,7.1,0.0,0,Công ty Cổ phần Lilama 69-3,L63,UPCOM,2016-10-06,,0.0,,2022,12,2,658792000000.0
4920,3109,8.0,8.0,8.0,8.0,100,0.0,0.0,0,0,0,800000.0,8.0,0.9,0,Công ty Cổ phần Lilama 69-3,L63,UPCOM,2016-10-06,,0.0,,2022,12,5,460056000000.0
4919,3109,8.0,8.0,8.0,8.0,0,0.0,0.0,0,0,0,0.0,8.0,0.0,0,Công ty Cổ phần Lilama 69-3,L63,UPCOM,2016-10-06,,0.0,,2022,12,6,718737000000.0
4918,3109,8.0,8.0,8.0,8.0,0,0.0,0.0,0,0,0,0.0,8.0,0.0,0,Công ty Cổ phần Lilama 69-3,L63,UPCOM,2016-10-06,,0.0,,2022,12,7,572408000000.0
4917,3109,8.0,8.0,8.0,8.0,0,0.0,0.0,0,0,0,0.0,8.0,0.0,0,Công ty Cổ phần Lilama 69-3,L63,UPCOM,2016-10-06,,0.0,,2022,12,8,427941000000.0
4916,3109,8.0,8.0,8.0,8.0,0,0.0,0.0,0,0,0,0.0,8.0,0.0,0,Công ty Cổ phần Lilama 69-3,L63,UPCOM,2016-10-06,,0.0,,2022,12,9,420185000000.0
4915,3109,8.0,8.0,8.0,8.0,1,0.0,0.0,0,0,0,7900.0,8.0,0.0,0,Công ty Cổ phần Lilama 69-3,L63,UPCOM,2016-10-06,,0.0,,2022,12,12,440894000000.0
4914,3109,8.0,8.0,8.0,8.0,0,0.0,0.0,0,0,0,0.0,8.0,0.0,0,Công ty Cổ phần Lilama 69-3,L63,UPCOM,2016-10-06,,0.0,,2022,12,13,321666000000.0
4913,3109,8.0,8.0,8.0,8.0,0,0.0,0.0,0,0,0,0.0,8.0,0.0,0,Công ty Cổ phần Lilama 69-3,L63,UPCOM,2016-10-06,,0.0,,2022,12,14,452979000000.0
4912,3109,8.0,8.0,8.0,8.0,0,0.0,0.0,0,0,0,0.0,8.0,0.0,0,Công ty Cổ phần Lilama 69-3,L63,UPCOM,2016-10-06,,0.0,,2022,12,15,368110000000.0
4911,3109,8.0,8.0,8.0,8.0,0,0.0,0.0,0,0,0,0.0,8.0,0.0,0,Công ty Cổ phần Lilama 69-3,L63,UPCOM,2016-10-06,,0.0,,2022,12,16,438370000000.0
4910,3109,8.0,8.0,8.0,8.0,0,0.0,0.0,0,0,0,0.0,8.0,0.0,0,Công ty Cổ phần Lilama 69-3,L63,UPCOM,2016-10-06,,0.0,,2022,12,19,401181000000.0
4909,3109,8.0,8.0,8.0,8.0,0,0.0,0.0,0,0,0,0.0,8.0,0.0,0,Công ty Cổ phần Lilama 69-3,L63,UPCOM,2016-10-06,,0.0,,2022,12,20,484353000000.0
4908,3109,8.0,8.0,8.0,8.0,0,0.0,0.0,0,0,0,0.0,8.0,0.0,0,Công ty Cổ phần Lilama 69-3,L63,UPCOM,2016-10-06,,0.0,,2022,12,21,356696000000.0
4907,3109,6.8,6.8,6.8,6.8,1000,0.0,0.0,0,0,0,6800000.0,6.8,-1.2,0,Công ty Cổ phần Lilama 69-3,L63,UPCOM,2016-10-06,,0.0,,2022,12,22,246432000000.0
4906,3109,6.8,6.8,6.8,6.8,0,0.0,0.0,0,0,0,0.0,6.8,0.0,0,Công ty Cổ phần Lilama 69-3,L63,UPCOM,2016-10-06,,0.0,,2022,12,23,309452000000.0
4905,3109,6.8,6.8,6.8,6.8,0,0.0,0.0,0,0,0,0.0,6.8,0.0,0,Công ty Cổ phần Lilama 69-3,L63,UPCOM,2016-10-06,,0.0,,2022,12,26,325651000000.0
4904,3109,6.8,6.8,6.8,6.8,0,0.0,0.0,0,0,0,0.0,6.8,0.0,0,Công ty Cổ phần Lilama 69-3,L63,UPCOM,2016-10-06,,0.0,,2022,12,27,248602000000.0
4903,3109,6.8,6.8,6.8,6.8,0,0.0,0.0,0,0,0,0.0,6.8,0.0,0,Công ty Cổ phần Lilama 69-3,L63,UPCOM,2016-10-06,,0.0,,2022,12,28,189576000000.0
4902,3109,6.8,6.8,6.8,6.8,0,0.0,0.0,0,0,0,0.0,6.8,0.0,0,Công ty Cổ phần Lilama 69-3,L63,UPCOM,2016-10-06,,0.0,,2022,12,29,234501000000.0
4901,3109,6.8,6.8,6.8,6.8,0,0.0,0.0,0,0,0,0.0,6.8,0.0,0,Công ty Cổ phần Lilama 69-3,L63,UPCOM,2016-10-06,,0.0,,2022,12,30,248672000000.0
4900,3109,7.5,7.5,7.5,7.5,100,0.0,0.0,0,0,0,750000.0,7.5,0.7,0,Công ty Cổ phần Lilama 69-3,L63,UPCOM,2016-10-06,,0.0,,2023,1,3,394193000000.0
4899,3109,7.5,7.5,7.5,7.5,0,0.0,0.0,0,0,0,0.0,7.5,0.0,0,Công ty Cổ phần Lilama 69-3,L63,UPCOM,2016-10-06,,0.0,,2023,1,4,379313000000.0
4898,3109,7.5,7.5,7.5,7.5,0,0.0,0.0,0,0,0,0.0,7.5,0.0,0,Công ty Cổ phần Lilama 69-3,L63,UPCOM,2016-10-06,,0.0,,2023,1,5,322105000000.0
4897,3109,7.5,7.5,7.5,7.5,0,0.0,0.0,0,0,0,0.0,7.5,0.0,0,Công ty Cổ phần Lilama 69-3,L63,UPCOM,2016-10-06,,0.0,,2023,1,6,472448000000.0
4896,3109,7.5,7.5,7.5,7.5,0,0.0,0.0,0,0,0,0.0,7.5,0.0,0,Công ty Cổ phần Lilama 69-3,L63,UPCOM,2016-10-06,,0.0,,2023,1,9,270830000000.0
4895,3109,7.5,7.5,7.5,7.5,0,0.0,0.0,0,0,0,0.0,7.5,0.0,0,Công ty Cổ phần Lilama 69-3,L63,UPCOM,2016-10-06,,0.0,,2023,1,10,316669000000.0
4894,3109,7.5,7.5,7.5,7.5,0,0.0,0.0,0,0,0,0.0,7.5,0.0,0,Công ty Cổ phần Lilama 69-3,L63,UPCOM,2016-10-06,,0.0,,2023,1,11,270859000000.0
4893,3109,7.5,7.5,7.5,7.5,0,0.0,0.0,0,0,0,0.0,7.5,0.0,0,Công ty Cổ phần Lilama 69-3,L63,UPCOM,2016-10-06,,0.0,,2023,1,12,363027000000.0
4892,3109,7.5,7.5,7.5,7.5,0,0.0,0.0,0,0,0,0.0,7.5,0.0,0,Công ty Cổ phần Lilama 69-3,L63,UPCOM,2016-10-06,,0.0,,2023,1,13,342281000000.0
4891,3109,7.5,7.5,7.5,7.5,0,0.0,0.0,0,0,0,0.0,7.5,0.0,0,Công ty Cổ phần Lilama 69-3,L63,UPCOM,2016-10-06,,0.0,,2023,1,16,286815000000.0
4890,3109,7.5,7.5,7.5,7.5,0,0.0,0.0,0,0,0,0.0,7.5,0.0,0,Công ty Cổ phần Lilama 69-3,L63,UPCOM,2016-10-06,,0.0,,2023,1,17,326856000000.0
4889,3109,7.5,7.5,7.5,7.5,0,0.0,0.0,0,0,0,0.0,7.5,0.0,0,Công ty Cổ phần Lilama 69-3,L63,UPCOM,2016-10-06,,0.0,,2023,1,18,500008000000.0
4888,3109,7.5,7.5,7.5,7.5,0,0.0,0.0,0,0,0,0.0,7.5,0.0,0,Công ty Cổ phần Lilama 69-3,L63,UPCOM,2016-10-06,,0.0,,2023,1,19,400379000000.0
4887,3109,7.5,7.5,7.5,7.5,0,0.0,0.0,0,0,0,0.0,7.5,0.0,0,Công ty Cổ phần Lilama 69-3,L63,UPCOM,2016-10-06,,0.0,,2023,1,27,529947000000.0
4886,3109,7.5,7.5,7.5,7.5,0,0.0,0.0,0,0,0,0.0,7.5,0.0,0,Công ty Cổ phần Lilama 69-3,L63,UPCOM,2016-10-06,,0.0,,2023,1,30,576405000000.0
4885,3109,7.5,7.5,7.5,7.5,0,0.0,0.0,0,0,0,0.0,7.5,0.0,0,Công ty Cổ phần Lilama 69-3,L63,UPCOM,2016-10-06,,0.0,,2023,1,31,514879000000.0
4884,3109,7.5,7.5,7.5,7.5,0,0.0,0.0,0,0,0,0.0,7.5,0.0,0,Công ty Cổ phần Lilama 69-3,L63,UPCOM,2016-10-06,,0.0,,2023,2,1,651810000000.0
4883,3109,7.5,7.5,7.5,7.5,0,0.0,0.0,0,0,0,0.0,7.5,0.0,0,Công ty Cổ phần Lilama 69-3,L63,UPCOM,2016-10-06,,0.0,,2023,2,2,434858000000.0
4882,3109,7.5,7.5,7.5,7.5,0,0.0,0.0,0,0,0,0.0,7.5,0.0,0,Công ty Cổ phần Lilama 69-3,L63,UPCOM,2016-10-06,,0.0,,2023,2,3,306591000000.0
4881,3109,7.5,7.5,7.5,7.5,0,0.0,0.0,0,0,0,0.0,7.5,0.0,0,Công ty Cổ phần Lilama 69-3,L63,UPCOM,2016-10-06,,0.0,,2023,2,6,253484000000.0
4880,3109,7.5,7.5,7.5,7.5,0,0.0,0.0,0,0,0,0.0,7.5,0.0,0,Công ty Cổ phần Lilama 69-3,L63,UPCOM,2016-10-06,,0.0,,2023,2,7,374354000000.0
4879,3109,7.5,7.5,7.5,7.5,0,0.0,0.0,0,0,0,0.0,7.5,0.0,0,Công ty Cổ phần Lilama 69-3,L63,UPCOM,2016-10-06,,0.0,,2023,2,8,320223000000.0
4878,3109,7.5,7.5,7.5,7.5,0,0.0,0.0,0,0,0,0.0,7.5,0.0,0,Công ty Cổ phần Lilama 69-3,L63,UPCOM,2016-10-06,,0.0,,2023,2,9,493832000000.0
4877,3109,7.5,7.5,7.5,7.5,0,0.0,0.0,0,0,0,0.0,7.5,0.0,0,Công ty Cổ phần Lilama 69-3,L63,UPCOM,2016-10-06,,0.0,,2023,2,10,293443000000.0
4876,3109,7.5,7.5,7.5,7.5,0,0.0,0.0,0,0,0,0.0,7.5,0.0,0,Công ty Cổ phần Lilama 69-3,L63,UPCOM,2016-10-06,,0.0,,2023,2,13,426801000000.0
4875,3109,7.5,7.5,7.5,7.5,0,0.0,0.0,0,0,0,0.0,7.5,0.0,0,Công ty Cổ phần Lilama 69-3,L63,UPCOM,2016-10-06,,0.0,,2023,2,14,219507000000.0
4874,3109,7.5,7.5,7.5,7.5,0,0.0,0.0,0,0,0,0.0,7.5,0.0,0,Công ty Cổ phần Lilama 69-3,L63,UPCOM,2016-10-06,,0.0,,2023,2,15,256646000000.0
4873,3109,9.5,9.5,9.5,9.5,100,0.0,0.0,0,0,0,950000.0,9.5,2.0,0,Công ty Cổ phần Lilama 69-3,L63,UPCOM,2016-10-06,,0.0,,2023,2,16,411451000000.0
4872,3109,9.5,9.5,9.5,9.5,200,0.0,0.0,0,0,0,1900000.0,9.5,0.0,0,Công ty Cổ phần Lilama 69-3,L63,UPCOM,2016-10-06,,0.0,,2023,2,17,301777000000.0
4871,3109,9.5,9.5,9.5,9.5,0,0.0,0.0,0,0,0,0.0,9.5,0.0,0,Công ty Cổ phần Lilama 69-3,L63,UPCOM,2016-10-06,,0.0,,2023,2,20,522195000000.0
4870,3109,8.1,8.1,8.1,8.1,432,0.0,0.0,0,0,0,3499200.0,8.1,-1.4,0,Công ty Cổ phần Lilama 69-3,L63,UPCOM,2016-10-06,,0.0,,2023,2,21,547496000000.0
4869,3109,8.1,8.1,8.1,8.1,0,0.0,0.0,0,0,0,0.0,8.1,0.0,0,Công ty Cổ phần Lilama 69-3,L63,UPCOM,2016-10-06,,0.0,,2023,2,22,697977000000.0
4868,3109,8.1,8.1,8.1,8.1,0,0.0,0.0,0,0,0,0.0,8.1,0.0,0,Công ty Cổ phần Lilama 69-3,L63,UPCOM,2016-10-06,,0.0,,2023,2,23,445714000000.0
4867,3109,8.1,8.1,8.1,8.1,0,0.0,0.0,0,0,0,0.0,8.1,0.0,0,Công ty Cổ phần Lilama 69-3,L63,UPCOM,2016-10-06,,0.0,,2023,2,24,310887000000.0
4866,3109,8.1,8.1,8.1,8.1,0,0.0,0.0,0,0,0,0.0,8.1,0.0,0,Công ty Cổ phần Lilama 69-3,L63,UPCOM,2016-10-06,,0.0,,2023,2,27,335400000000.0
4865,3109,8.1,8.1,8.1,8.1,0,0.0,0.0,0,0,0,0.0,8.1,0.0,0,Công ty Cổ phần Lilama 69-3,L63,UPCOM,2016-10-06,,0.0,,2023,2,28,226149000000.0
4864,3109,6.9,6.9,6.9,6.9,100,0.0,0.0,0,0,0,690000.0,6.9,-1.2,0,Công ty Cổ phần Lilama 69-3,L63,UPCOM,2016-10-06,,0.0,,2023,3,1,283510000000.0
4863,3109,6.9,6.9,6.9,6.9,0,0.0,0.0,0,0,0,0.0,6.9,0.0,0,Công ty Cổ phần Lilama 69-3,L63,UPCOM,2016-10-06,,0.0,,2023,3,2,205227000000.0
4862,3109,6.9,6.9,6.9,6.9,0,0.0,0.0,0,0,0,0.0,6.9,0.0,0,Công ty Cổ phần Lilama 69-3,L63,UPCOM,2016-10-06,,0.0,,2023,3,3,345475000000.0
4861,3109,6.9,6.9,6.9,6.9,0,0.0,0.0,0,0,0,0.0,6.9,0.0,0,Công ty Cổ phần Lilama 69-3,L63,UPCOM,2016-10-06,,0.0,,2023,3,6,253002000000.0
4860,3109,6.9,6.9,6.9,6.9,0,0.0,0.0,0,0,0,0.0,6.9,0.0,0,Công ty Cổ phần Lilama 69-3,L63,UPCOM,2016-10-06,,0.0,,2023,3,7,212788000000.0
4859,3109,6.9,6.9,6.9,6.9,0,0.0,0.0,0,0,0,0.0,6.9,0.0,0,Công ty Cổ phần Lilama 69-3,L63,UPCOM,2016-10-06,,0.0,,2023,3,8,316936000000.0
4858,3109,6.9,6.9,6.9,6.9,0,0.0,0.0,0,0,0,0.0,6.9,0.0,0,Công ty Cổ phần Lilama 69-3,L63,UPCOM,2016-10-06,,0.0,,2023,3,9,292770000000.0
4857,3109,6.9,6.9,6.9,6.9,0,0.0,0.0,0,0,0,0.0,6.9,0.0,0,Công ty Cổ phần Lilama 69-3,L63,UPCOM,2016-10-06,,0.0,,2023,3,10,337404000000.0
4856,3109,6.9,6.9,6.9,6.9,0,0.0,0.0,0,0,0,0.0,6.9,0.0,0,Công ty Cổ phần Lilama 69-3,L63,UPCOM,2016-10-06,,0.0,,2023,3,13,296892000000.0
4855,3109,6.9,6.9,6.9,6.9,0,0.0,0.0,0,0,0,0.0,6.9,0.0,0,Công ty Cổ phần Lilama 69-3,L63,UPCOM,2016-10-06,,0.0,,2023,3,14,331480000000.0
4854,3109,6.9,6.9,6.9,6.9,0,0.0,0.0,0,0,0,0.0,6.9,0.0,0,Công ty Cổ phần Lilama 69-3,L63,UPCOM,2016-10-06,,0.0,,2023,3,15,354480000000.0
4853,3109,6.9,6.9,6.9,6.9,0,0.0,0.0,0,0,0,0.0,6.9,0.0,0,Công ty Cổ phần Lilama 69-3,L63,UPCOM,2016-10-06,,0.0,,2023,3,16,299627000000.0
4852,3109,6.9,6.9,6.9,6.9,0,0.0,0.0,0,0,0,0.0,6.9,0.0,0,Công ty Cổ phần Lilama 69-3,L63,UPCOM,2016-10-06,,0.0,,2023,3,17,227981000000.0
4851,3109,6.9,6.9,6.9,6.9,0,0.0,0.0,0,0,0,0.0,6.9,0.0,0,Công ty Cổ phần Lilama 69-3,L63,UPCOM,2016-10-06,,0.0,,2023,3,20,333750000000.0
4850,3109,6.9,6.9,6.9,6.9,0,0.0,0.0,0,0,0,0.0,6.9,0.0,0,Công ty Cổ phần Lilama 69-3,L63,UPCOM,2016-10-06,,0.0,,2023,3,21,239704000000.0
4849,3109,5.9,5.9,5.9,5.9,1700,0.0,0.0,0,0,0,10030000.0,5.9,-1.0,0,Công ty Cổ phần Lilama 69-3,L63,UPCOM,2016-10-06,,0.0,,2023,3,22,213548000000.0
4848,3109,5.9,5.9,5.9,5.9,0,0.0,0.0,0,0,0,0.0,5.9,0.0,0,Công ty Cổ phần Lilama 69-3,L63,UPCOM,2016-10-06,,0.0,,2023,3,23,168529000000.0
4847,3109,5.9,5.9,5.9,5.9,0,0.0,0.0,0,0,0,0.0,5.9,0.0,0,Công ty Cổ phần Lilama 69-3,L63,UPCOM,2016-10-06,,0.0,,2023,3,24,262514000000.0
4846,3109,6.7,6.7,6.7,6.7,1300,0.0,0.0,0,0,0,8710000.0,6.7,0.8,0,Công ty Cổ phần Lilama 69-3,L63,UPCOM,2016-10-06,,0.0,,2023,3,27,209592000000.0
4845,3109,6.7,6.7,6.7,6.7,0,0.0,0.0,0,0,0,0.0,6.7,0.0,0,Công ty Cổ phần Lilama 69-3,L63,UPCOM,2016-10-06,,0.0,,2023,3,28,270109000000.0
4844,3109,6.7,6.7,6.7,6.7,0,0.0,0.0,0,0,0,0.0,6.7,0.0,0,Công ty Cổ phần Lilama 69-3,L63,UPCOM,2016-10-06,,0.0,,2023,3,29,226601000000.0
4843,3109,6.7,6.7,6.7,6.7,0,0.0,0.0,0,0,0,0.0,6.7,0.0,0,Công ty Cổ phần Lilama 69-3,L63,UPCOM,2016-10-06,,0.0,,2023,3,30,300660000000.0
4842,3109,6.7,6.7,6.7,6.7,0,0.0,0.0,0,0,0,0.0,6.7,0.0,0,Công ty Cổ phần Lilama 69-3,L63,UPCOM,2016-10-06,,0.0,,2023,3,31,308609000000.0
4841,3109,6.7,6.7,6.7,6.7,0,0.0,0.0,0,0,0,0.0,6.7,0.0,0,Công ty Cổ phần Lilama 69-3,L63,UPCOM,2016-10-06,,0.0,,2023,4,4,485153000000.0
4840,3109,6.7,6.7,6.7,6.7,0,0.0,0.0,0,0,0,0.0,6.7,0.0,0,Công ty Cổ phần Lilama 69-3,L63,UPCOM,2016-10-06,,0.0,,2023,4,6,593943000000.0
4839,3109,6.7,6.7,6.7,6.7,0,0.0,0.0,0,0,0,0.0,6.7,0.0,0,Công ty Cổ phần Lilama 69-3,L63,UPCOM,2016-10-06,,0.0,,2023,4,12,484438000000.0
4838,3109,6.7,6.7,6.7,6.7,0,0.0,0.0,0,0,0,0.0,6.7,0.0,0,Công ty Cổ phần Lilama 69-3,L63,UPCOM,2016-10-06,,0.0,,2023,4,13,618913000000.0
4837,3109,6.7,6.7,6.7,6.7,0,0.0,0.0,0,0,0,0.0,6.7,0.0,0,Công ty Cổ phần Lilama 69-3,L63,UPCOM,2016-10-06,,0.0,,2023,4,14,467276000000.0
4836,3109,6.7,6.7,6.7,6.7,0,0.0,0.0,0,0,0,0.0,6.7,0.0,0,Công ty Cổ phần Lilama 69-3,L63,UPCOM,2016-10-06,,0.0,,2023,4,17,273987000000.0
4835,3109,6.7,6.7,6.7,6.7,0,0.0,0.0,0,0,0,0.0,6.7,0.0,0,Công ty Cổ phần Lilama 69-3,L63,UPCOM,2016-10-06,,0.0,,2023,4,18,300902000000.0
4834,3109,6.7,6.7,6.7,6.7,0,0.0,0.0,0,0,0,0.0,6.7,0.0,0,Công ty Cổ phần Lilama 69-3,L63,UPCOM,2016-10-06,,0.0,,2023,4,19,338387000000.0
4833,3109,6.7,6.7,6.7,6.7,0,0.0,0.0,0,0,0,0.0,6.7,0.0,0,Công ty Cổ phần Lilama 69-3,L63,UPCOM,2016-10-06,,0.0,,2023,4,20,414385000000.0
4832,3109,6.7,6.7,6.7,6.7,0,0.0,0.0,0,0,0,0.0,6.7,0.0,0,Công ty Cổ phần Lilama 69-3,L63,UPCOM,2016-10-06,,0.0,,2023,4,21,425911000000.0
4831,3109,6.7,6.7,6.7,6.7,0,0.0,0.0,0,0,0,0.0,6.7,0.0,0,Công ty Cổ phần Lilama 69-3,L63,UPCOM,2016-10-06,,0.0,,2023,4,24,287780000000.0
4830,3109,6.7,6.7,6.7,6.7,0,0.0,0.0,0,0,0,0.0,6.7,0.0,0,Công ty Cổ phần Lilama 69-3,L63,UPCOM,2016-10-06,,0.0,,2023,4,25,334702000000.0
4829,3109,6.7,6.7,6.7,6.7,0,0.0,0.0,0,0,0,0.0,6.7,0.0,0,Công ty Cổ phần Lilama 69-3,L63,UPCOM,2016-10-06,,0.0,,2023,4,26,265702000000.0
4828,3109,6.7,6.7,6.7,6.7,0,0.0,0.0,0,0,0,0.0,6.7,0.0,0,Công ty Cổ phần Lilama 69-3,L63,UPCOM,2016-10-06,,0.0,,2023,4,27,284819000000.0
4827,3109,6.7,6.7,6.7,6.7,0,0.0,0.0,0,0,0,0.0,6.7,0.0,0,Công ty Cổ phần Lilama 69-3,L63,UPCOM,2016-10-06,,0.0,,2023,4,28,382171000000.0
4826,3109,6.7,6.7,6.7,6.7,0,0.0,0.0,0,0,0,0.0,6.7,0.0,0,Công ty Cổ phần Lilama 69-3,L63,UPCOM,2016-10-06,,0.0,,2023,5,4,414253000000.0
4825,3109,6.7,6.7,6.7,6.7,0,0.0,0.0,0,0,0,0.0,6.7,0.0,0,Công ty Cổ phần Lilama 69-3,L63,UPCOM,2016-10-06,,0.0,,2023,5,5,396206000000.0
4824,3109,6.7,6.7,6.7,6.7,0,0.0,0.0,0,0,0,0.0,6.7,0.0,0,Công ty Cổ phần Lilama 69-3,L63,UPCOM,2016-10-06,,0.0,,2023,5,8,482203000000.0
4823,3109,6.7,6.7,6.7,6.7,0,0.0,0.0,0,0,0,0.0,6.7,0.0,0,Công ty Cổ phần Lilama 69-3,L63,UPCOM,2016-10-06,,0.0,,2023,5,9,470513000000.0
4822,3109,6.7,6.7,6.7,6.7,0,0.0,0.0,0,0,0,0.0,6.7,0.0,0,Công ty Cổ phần Lilama 69-3,L63,UPCOM,2016-10-06,,0.0,,2023,5,10,482095000000.0
4821,3109,6.7,6.7,6.7,6.7,0,0.0,0.0,0,0,0,0.0,6.7,0.0,0,Công ty Cổ phần Lilama 69-3,L63,UPCOM,2016-10-06,,0.0,,2023,5,11,459913000000.0
4820,3109,6.7,6.7,6.7,6.7,0,0.0,0.0,0,0,0,0.0,6.7,0.0,0,Công ty Cổ phần Lilama 69-3,L63,UPCOM,2016-10-06,,0.0,,2023,5,12,583345000000.0
4819,3109,6.7,6.7,6.7,6.7,0,0.0,0.0,0,0,0,0.0,6.7,0.0,0,Công ty Cổ phần Lilama 69-3,L63,UPCOM,2016-10-06,,0.0,,2023,5,15,661932000000.0
4818,3109,6.7,6.7,6.7,6.7,0,0.0,0.0,0,0,0,0.0,6.7,0.0,0,Công ty Cổ phần Lilama 69-3,L63,UPCOM,2016-10-06,,0.0,,2023,5,16,513633000000.0
session_id,stock_id,open_price,close_price,high_price,low_price,volume_detail,ceiling_price,floor_price,buy_volume,sell_volume,net_volume,matched_value,adjust_price,change_percent,outstanding_share,name,code,stock_space,join_date,leave_date,init_price,category,year,month,day_of_month,volume_session
5049,3109,7.1,7.1,7.1,7.1,500,0.0,0.0,0,0,0,3550000.0,7.1,0.0,0,Công ty Cổ phần Lilama 69-3,L63,UPCOM,2016-10-06,,0.0,,2022,5,30,840448000000.0
5048,3109,7.1,7.1,7.1,7.1,100,0.0,0.0,0,0,0,710000.0,7.1,0.0,0,Công ty Cổ phần Lilama 69-3,L63,UPCOM,2016-10-06,,0.0,,2022,5,31,1180190000000.0
5047,3109,7.0,7.0,7.0,7.0,57000,0.0,0.0,0,0,0,399000000.0,7.0,-0.1,0,Công ty Cổ phần Lilama 69-3,L63,UPCOM,2016-10-06,,0.0,,2022,6,1,923226000000.0
5046,3109,7.0,7.0,7.0,7.0,0,0.0,0.0,0,0,0,0.0,7.0,0.0,0,Công ty Cổ phần Lilama 69-3,L63,UPCOM,2016-10-06,,0.0,,2022,6,2,1076230000000.0
5045,3109,7.0,7.0,7.0,7.0,0,0.0,0.0,0,0,0,0.0,7.0,0.0,0,Công ty Cổ phần Lilama 69-3,L63,UPCOM,2016-10-06,,0.0,,2022,6,3,1027390000000.0
5044,3109,7.0,7.0,7.0,7.0,0,0.0,0.0,0,0,0,0.0,7.0,0.0,0,Công ty Cổ phần Lilama 69-3,L63,UPCOM,2016-10-06,,0.0,,2022,6,6,1771770000000.0
5043,3109,7.0,7.0,7.0,7.0,0,0.0,0.0,0,0,0,0.0,7.0,0.0,0,Công ty Cổ phần Lilama 69-3,L63,UPCOM,2016-10-06,,0.0,,2022,6,7,1498620000000.0
5042,3109,7.0,7.0,7.0,7.0,0,0.0,0.0,0,0,0,0.0,7.0,0.0,0,Công ty Cổ phần Lilama 69-3,L63,UPCOM,2016-10-06,,0.0,,2022,6,8,1134640000000.0
5041,3109,7.0,7.0,7.0,7.0,0,0.0,0.0,0,0,0,0.0,7.0,0.0,0,Công ty Cổ phần Lilama 69-3,L63,UPCOM,2016-10-06,,0.0,,2022,6,9,1091640000000.0
5040,3109,6.0,6.0,6.0,6.0,300,0.0,0.0,0,0,0,1800000.0,6.0,-1.0,0,Công ty Cổ phần Lilama 69-3,L63,UPCOM,2016-10-06,,0.0,,2022,6,10,1685860000000.0
5039,3109,6.0,6.0,6.0,6.0,0,0.0,0.0,0,0,0,0.0,6.0,0.0,0,Công ty Cổ phần Lilama 69-3,L63,UPCOM,2016-10-06,,0.0,,2022,6,13,1545520000000.0
5038,3109,6.0,6.0,6.0,6.0,19,0.0,0.0,0,0,0,114000.0,6.0,0.0,0,Công ty Cổ phần Lilama 69-3,L63,UPCOM,2016-10-06,,0.0,,2022,6,14,1545520000000.0
5037,3109,6.0,6.0,6.0,6.0,0,0.0,0.0,0,0,0,0.0,6.0,0.0,0,Công ty Cổ phần Lilama 69-3,L63,UPCOM,2016-10-06,,0.0,,2022,6,15,1217920000000.0
5036,3109,6.0,6.0,6.0,6.0,0,0.0,0.0,0,0,0,0.0,6.0,0.0,0,Công ty Cổ phần Lilama 69-3,L63,UPCOM,2016-10-06,,0.0,,2022,6,16,1245030000000.0
5035,3109,6.0,6.0,6.0,6.0,0,0.0,0.0,0,0,0,0.0,6.0,0.0,0,Công ty Cổ phần Lilama 69-3,L63,UPCOM,2016-10-06,,0.0,,2022,6,17,1193980000000.0
5034,3109,6.0,6.0,6.0,6.0,0,0.0,0.0,0,0,0,0.0,6.0,0.0,0,Công ty Cổ phần Lilama 69-3,L63,UPCOM,2016-10-06,,0.0,,2022,6,20,1331860000000.0
5033,3109,6.9,6.9,6.9,6.9,100,0.0,0.0,0,0,0,690000.0,6.9,0.9,0,Công ty Cổ phần Lilama 69-3,L63,UPCOM,2016-10-06,,0.0,,2022,6,21,1156680000000.0
5032,3109,6.2,6.5,6.5,6.1,6200,0.0,0.0,0,0,0,38650000.0,6.5,-0.4,0,Công ty Cổ phần Lilama 69-3,L63,UPCOM,2016-10-06,,0.0,,2022,6,22,1137700000000.0
5031,3109,6.2,6.2,6.2,6.2,0,0.0,0.0,0,0,0,0.0,6.2,0.0,0,Công ty Cổ phần Lilama 69-3,L63,UPCOM,2016-10-06,,0.0,,2022,6,23,772810000000.0
5030,3109,6.2,6.2,6.2,6.2,100,0.0,0.0,0,0,0,620000.0,6.2,0.0,0,Công ty Cổ phần Lilama 69-3,L63,UPCOM,2016-10-06,,0.0,,2022,6,24,626688000000.0
5029,3109,6.2,6.2,6.2,6.2,0,0.0,0.0,0,0,0,0.0,6.2,0.0,0,Công ty Cổ phần Lilama 69-3,L63,UPCOM,2016-10-06,,0.0,,2022,6,27,710843000000.0
5028,3109,6.2,6.2,6.2,6.2,0,0.0,0.0,0,0,0,0.0,6.2,0.0,0,Công ty Cổ phần Lilama 69-3,L63,UPCOM,2016-10-06,,0.0,,2022,6,28,773942000000.0
5027,3109,6.2,6.2,6.2,6.2,0,0.0,0.0,0,0,0,0.0,6.2,0.0,0,Công ty Cổ phần Lilama 69-3,L63,UPCOM,2016-10-06,,0.0,,2022,6,29,699856000000.0
5026,3109,6.2,6.2,6.2,6.2,0,0.0,0.0,0,0,0,0.0,6.2,0.0,0,Công ty Cổ phần Lilama 69-3,L63,UPCOM,2016-10-06,,0.0,,2022,6,30,591030000000.0
5025,3109,6.2,6.2,6.2,6.2,0,0.0,0.0,0,0,0,0.0,6.2,0.0,0,Công ty Cổ phần Lilama 69-3,L63,UPCOM,2016-10-06,,0.0,,2022,7,1,894660000000.0
5024,3109,6.2,6.2,6.2,6.2,0,0.0,0.0,0,0,0,0.0,6.2,0.0,0,Công ty Cổ phần Lilama 69-3,L63,UPCOM,2016-10-06,,0.0,,2022,7,4,447241000000.0
5023,3109,7.1,7.1,7.1,7.1,100,0.0,0.0,0,0,0,710000.0,7.1,0.9,0,Công ty Cổ phần Lilama 69-3,L63,UPCOM,2016-10-06,,0.0,,2022,7,5,740065000000.0
5022,3109,7.1,7.1,7.1,7.1,0,0.0,0.0,0,0,0,0.0,7.1,0.0,0,Công ty Cổ phần Lilama 69-3,L63,UPCOM,2016-10-06,,0.0,,2022,7,6,1146100000000.0
5021,3109,7.1,7.1,7.1,7.1,0,0.0,0.0,0,0,0,0.0,7.1,0.0,0,Công ty Cổ phần Lilama 69-3,L63,UPCOM,2016-10-06,,0.0,,2022,7,7,558794000000.0
5020,3109,7.1,7.1,7.1,7.1,0,0.0,0.0,0,0,0,0.0,7.1,0.0,0,Công ty Cổ phần Lilama 69-3,L63,UPCOM,2016-10-06,,0.0,,2022,7,8,508233000000.0
5019,3109,7.1,7.1,7.1,7.1,0,0.0,0.0,0,0,0,0.0,7.1,0.0,0,Công ty Cổ phần Lilama 69-3,L63,UPCOM,2016-10-06,,0.0,,2022,7,11,513739000000.0
5018,3109,7.1,7.1,7.1,7.1,0,0.0,0.0,0,0,0,0.0,7.1,0.0,0,Công ty Cổ phần Lilama 69-3,L63,UPCOM,2016-10-06,,0.0,,2022,7,12,601468000000.0
5017,3109,7.1,7.1,7.1,7.1,0,0.0,0.0,0,0,0,0.0,7.1,0.0,0,Công ty Cổ phần Lilama 69-3,L63,UPCOM,2016-10-06,,0.0,,2022,7,13,673128000000.0
5016,3109,7.1,7.1,7.1,7.1,0,0.0,0.0,0,0,0,0.0,7.1,0.0,0,Công ty Cổ phần Lilama 69-3,L63,UPCOM,2016-10-06,,0.0,,2022,7,14,555619000000.0
5015,3109,7.1,7.1,7.1,7.1,0,0.0,0.0,0,0,0,0.0,7.1,0.0,0,Công ty Cổ phần Lilama 69-3,L63,UPCOM,2016-10-06,,0.0,,2022,7,15,646018000000.0
5014,3109,7.1,7.1,7.1,7.1,0,0.0,0.0,0,0,0,0.0,7.1,0.0,0,Công ty Cổ phần Lilama 69-3,L63,UPCOM,2016-10-06,,0.0,,2022,7,18,614343000000.0
5013,3109,7.1,7.1,7.1,7.1,0,0.0,0.0,0,0,0,0.0,7.1,0.0,0,Công ty Cổ phần Lilama 69-3,L63,UPCOM,2016-10-06,,0.0,,2022,7,19,729064000000.0
5012,3109,7.1,7.1,7.1,7.1,0,0.0,0.0,0,0,0,0.0,7.1,0.0,0,Công ty Cổ phần Lilama 69-3,L63,UPCOM,2016-10-06,,0.0,,2022,7,20,789084000000.0
5011,3109,7.1,7.1,7.1,7.1,0,0.0,0.0,0,0,0,0.0,7.1,0.0,0,Công ty Cổ phần Lilama 69-3,L63,UPCOM,2016-10-06,,0.0,,2022,7,21,699820000000.0
5010,3109,7.1,7.1,7.1,7.1,0,0.0,0.0,0,0,0,0.0,7.1,0.0,0,Công ty Cổ phần Lilama 69-3,L63,UPCOM,2016-10-06,,0.0,,2022,7,22,829139000000.0
5009,3109,7.1,7.1,7.1,7.1,0,0.0,0.0,0,0,0,0.0,7.1,0.0,0,Công ty Cổ phần Lilama 69-3,L63,UPCOM,2016-10-06,,0.0,,2022,7,25,597092000000.0
5008,3109,7.1,7.1,7.1,7.1,0,0.0,0.0,0,0,0,0.0,7.1,0.0,0,Công ty Cổ phần Lilama 69-3,L63,UPCOM,2016-10-06,,0.0,,2022,7,26,770106000000.0
5007,3109,7.1,7.1,7.1,7.1,0,0.0,0.0,0,0,0,0.0,7.1,0.0,0,Công ty Cổ phần Lilama 69-3,L63,UPCOM,2016-10-06,,0.0,,2022,7,27,455566000000.0
5006,3109,7.1,7.1,7.1,7.1,0,0.0,0.0,0,0,0,0.0,7.1,0.0,0,Công ty Cổ phần Lilama 69-3,L63,UPCOM,2016-10-06,,0.0,,2022,7,28,727777000000.0
5005,3109,7.1,7.1,7.1,7.1,0,0.0,0.0,0,0,0,0.0,7.1,0.0,0,Công ty Cổ phần Lilama 69-3,L63,UPCOM,2016-10-06,,0.0,,2022,7,29,711504000000.0
5004,3109,7.1,7.1,7.1,7.1,0,0.0,0.0,0,0,0,0.0,7.1,0.0,0,Công ty Cổ phần Lilama 69-3,L63,UPCOM,2016-10-06,,0.0,,2022,8,1,951330000000.0
5003,3109,7.1,7.1,7.1,7.1,0,0.0,0.0,0,0,0,0.0,7.1,0.0,0,Công ty Cổ phần Lilama 69-3,L63,UPCOM,2016-10-06,,0.0,,2022,8,2,817183000000.0
5002,3109,7.7,7.7,7.7,7.7,100,0.0,0.0,0,0,0,770000.0,7.7,0.6,0,Công ty Cổ phần Lilama 69-3,L63,UPCOM,2016-10-06,,0.0,,2022,8,3,746149000000.0
5001,3109,7.7,7.7,7.7,7.7,0,0.0,0.0,0,0,0,0.0,7.7,0.0,0,Công ty Cổ phần Lilama 69-3,L63,UPCOM,2016-10-06,,0.0,,2022,8,4,783156000000.0
5000,3109,7.7,7.7,7.7,7.7,0,0.0,0.0,0,0,0,0.0,7.7,0.0,0,Công ty Cổ phần Lilama 69-3,L63,UPCOM,2016-10-06,,0.0,,2022,8,5,918313000000.0
4999,3109,7.7,7.7,7.7,7.7,0,0.0,0.0,0,0,0,0.0,7.7,0.0,0,Công ty Cổ phần Lilama 69-3,L63,UPCOM,2016-10-06,,0.0,,2022,8,8,845253000000.0
4998,3109,7.7,7.7,7.7,7.7,0,0.0,0.0,0,0,0,0.0,7.7,0.0,0,Công ty Cổ phần Lilama 69-3,L63,UPCOM,2016-10-06,,0.0,,2022,8,9,771208000000.0
4997,3109,7.7,7.7,7.7,7.7,0,0.0,0.0,0,0,0,0.0,7.7,0.0,0,Công ty Cổ phần Lilama 69-3,L63,UPCOM,2016-10-06,,0.0,,2022,8,10,764196000000.0
4996,3109,7.7,7.7,7.7,7.7,0,0.0,0.0,0,0,0,0.0,7.7,0.0,0,Công ty Cổ phần Lilama 69-3,L63,UPCOM,2016-10-06,,0.0,,2022,8,11,1078050000000.0
4995,3109,7.7,7.7,7.7,7.7,0,0.0,0.0,0,0,0,0.0,7.7,0.0,0,Công ty Cổ phần Lilama 69-3,L63,UPCOM,2016-10-06,,0.0,,2022,8,12,721743000000.0
4994,3109,7.7,7.7,7.7,7.7,0,0.0,0.0,0,0,0,0.0,7.7,0.0,0,Công ty Cổ phần Lilama 69-3,L63,UPCOM,2016-10-06,,0.0,,2022,8,15,748299000000.0
4993,3109,7.7,7.7,7.7,7.7,0,0.0,0.0,0,0,0,0.0,7.7,0.0,0,Công ty Cổ phần Lilama 69-3,L63,UPCOM,2016-10-06,,0.0,,2022,8,16,829298000000.0
4992,3109,7.7,7.7,7.7,7.7,0,0.0,0.0,0,0,0,0.0,7.7,0.0,0,Công ty Cổ phần Lilama 69-3,L63,UPCOM,2016-10-06,,0.0,,2022,8,17,857219000000.0
4991,3109,7.7,7.7,7.7,7.7,0,0.0,0.0,0,0,0,0.0,7.7,0.0,0,Công ty Cổ phần Lilama 69-3,L63,UPCOM,2016-10-06,,0.0,,2022,8,18,558021000000.0
4990,3109,7.7,7.7,7.7,7.7,0,0.0,0.0,0,0,0,0.0,7.7,0.0,0,Công ty Cổ phần Lilama 69-3,L63,UPCOM,2016-10-06,,0.0,,2022,8,19,790097000000.0
4989,3109,7.6,7.6,7.6,7.6,100,0.0,0.0,0,0,0,760000.0,7.6,-0.1,0,Công ty Cổ phần Lilama 69-3,L63,UPCOM,2016-10-06,,0.0,,2022,8,22,627318000000.0
4988,3109,7.6,7.6,7.6,7.6,0,0.0,0.0,0,0,0,0.0,7.6,0.0,0,Công ty Cổ phần Lilama 69-3,L63,UPCOM,2016-10-06,,0.0,,2022,8,23,968765000000.0
4987,3109,8.0,8.0,8.0,8.0,100,0.0,0.0,0,0,0,800000.0,8.0,0.4,0,Công ty Cổ phần Lilama 69-3,L63,UPCOM,2016-10-06,,0.0,,2022,8,24,980882000000.0
4986,3109,8.0,8.0,8.0,8.0,0,0.0,0.0,0,0,0,0.0,8.0,0.0,0,Công ty Cổ phần Lilama 69-3,L63,UPCOM,2016-10-06,,0.0,,2022,8,25,819391000000.0
4985,3109,8.0,8.0,8.0,8.0,0,0.0,0.0,0,0,0,0.0,8.0,0.0,0,Công ty Cổ phần Lilama 69-3,L63,UPCOM,2016-10-06,,0.0,,2022,8,26,836548000000.0
4984,3109,8.0,8.0,8.0,8.0,0,0.0,0.0,0,0,0,0.0,8.0,0.0,0,Công ty Cổ phần Lilama 69-3,L63,UPCOM,2016-10-06,,0.0,,2022,8,29,1112720000000.0
4983,3109,8.0,8.0,8.0,8.0,0,0.0,0.0,0,0,0,0.0,8.0,0.0,0,Công ty Cổ phần Lilama 69-3,L63,UPCOM,2016-10-06,,0.0,,2022,8,30,783564000000.0
4982,3109,8.0,8.0,8.0,8.0,0,0.0,0.0,0,0,0,0.0,8.0,0.0,0,Công ty Cổ phần Lilama 69-3,L63,UPCOM,2016-10-06,,0.0,,2022,8,31,665368000000.0
4981,3109,8.0,8.0,8.0,8.0,0,0.0,0.0,0,0,0,0.0,8.0,0.0,0,Công ty Cổ phần Lilama 69-3,L63,UPCOM,2016-10-06,,0.0,,2022,9,5,570170000000.0
4980,3109,8.0,8.0,8.0,8.0,0,0.0,0.0,0,0,0,0.0,8.0,0.0,0,Công ty Cổ phần Lilama 69-3,L63,UPCOM,2016-10-06,,0.0,,2022,9,6,583215000000.0
4979,3109,8.0,8.0,8.0,8.0,0,0.0,0.0,0,0,0,0.0,8.0,0.0,0,Công ty Cổ phần Lilama 69-3,L63,UPCOM,2016-10-06,,0.0,,2022,9,7,1043650000000.0
4978,3109,8.0,8.0,8.0,8.0,0,0.0,0.0,0,0,0,0.0,8.0,0.0,0,Công ty Cổ phần Lilama 69-3,L63,UPCOM,2016-10-06,,0.0,,2022,9,8,691296000000.0
4977,3109,8.0,8.0,8.0,8.0,0,0.0,0.0,0,0,0,0.0,8.0,0.0,0,Công ty Cổ phần Lilama 69-3,L63,UPCOM,2016-10-06,,0.0,,2022,9,9,652442000000.0
4976,3109,8.0,8.0,8.0,8.0,0,0.0,0.0,0,0,0,0.0,8.0,0.0,0,Công ty Cổ phần Lilama 69-3,L63,UPCOM,2016-10-06,,0.0,,2022,9,12,490230000000.0
4975,3109,8.0,8.0,8.0,8.0,0,0.0,0.0,0,0,0,0.0,8.0,0.0,0,Công ty Cổ phần Lilama 69-3,L63,UPCOM,2016-10-06,,0.0,,2022,9,13,503940000000.0
4974,3109,8.0,8.0,8.0,8.0,0,0.0,0.0,0,0,0,0.0,8.0,0.0,0,Công ty Cổ phần Lilama 69-3,L63,UPCOM,2016-10-06,,0.0,,2022,9,14,630169000000.0
4973,3109,8.0,8.0,8.0,8.0,0,0.0,0.0,0,0,0,0.0,8.0,0.0,0,Công ty Cổ phần Lilama 69-3,L63,UPCOM,2016-10-06,,0.0,,2022,9,15,425942000000.0
4972,3109,8.0,8.0,8.0,8.0,0,0.0,0.0,0,0,0,0.0,8.0,0.0,0,Công ty Cổ phần Lilama 69-3,L63,UPCOM,2016-10-06,,0.0,,2022,9,16,600887000000.0
4971,3109,8.0,8.0,8.0,8.0,0,0.0,0.0,0,0,0,0.0,8.0,0.0,0,Công ty Cổ phần Lilama 69-3,L63,UPCOM,2016-10-06,,0.0,,2022,9,19,657169000000.0
4970,3109,8.0,8.0,8.0,8.0,0,0.0,0.0,0,0,0,0.0,8.0,0.0,0,Công ty Cổ phần Lilama 69-3,L63,UPCOM,2016-10-06,,0.0,,2022,9,20,495190000000.0
4969,3109,8.0,8.0,8.0,8.0,0,0.0,0.0,0,0,0,0.0,8.0,0.0,0,Công ty Cổ phần Lilama 69-3,L63,UPCOM,2016-10-06,,0.0,,2022,9,21,402121000000.0
4968,3109,8.0,8.0,8.0,8.0,0,0.0,0.0,0,0,0,0.0,8.0,0.0,0,Công ty Cổ phần Lilama 69-3,L63,UPCOM,2016-10-06,,0.0,,2022,9,22,533578000000.0
4967,3109,8.0,8.0,8.0,8.0,0,0.0,0.0,0,0,0,0.0,8.0,0.0,0,Công ty Cổ phần Lilama 69-3,L63,UPCOM,2016-10-06,,0.0,,2022,9,23,594528000000.0
4966,3109,8.0,8.0,8.0,8.0,0,0.0,0.0,0,0,0,0.0,8.0,0.0,0,Công ty Cổ phần Lilama 69-3,L63,UPCOM,2016-10-06,,0.0,,2022,9,26,659970000000.0
4965,3109,8.0,8.0,8.0,8.0,0,0.0,0.0,0,0,0,0.0,8.0,0.0,0,Công ty Cổ phần Lilama 69-3,L63,UPCOM,2016-10-06,,0.0,,2022,9,27,441499000000.0
4964,3109,6.8,6.8,6.8,6.8,2100,0.0,0.0,0,0,0,14280000.0,6.8,-1.2,0,Công ty Cổ phần Lilama 69-3,L63,UPCOM,2016-10-06,,0.0,,2022,9,28,577930000000.0
4963,3109,6.8,6.8,6.8,6.8,0,0.0,0.0,0,0,0,0.0,6.8,0.0,0,Công ty Cổ phần Lilama 69-3,L63,UPCOM,2016-10-06,,0.0,,2022,9,29,466009000000.0
4962,3109,6.8,6.8,6.8,6.8,0,0.0,0.0,0,0,0,0.0,6.8,0.0,0,Công ty Cổ phần Lilama 69-3,L63,UPCOM,2016-10-06,,0.0,,2022,9,30,610104000000.0
4961,3109,6.8,6.8,6.8,6.8,0,0.0,0.0,0,0,0,0.0,6.8,0.0,0,Công ty Cổ phần Lilama 69-3,L63,UPCOM,2016-10-06,,0.0,,2022,10,3,447331000000.0
4960,3109,5.8,5.8,5.8,5.8,401,0.0,0.0,0,0,0,2326500.0,5.8,-1.0,0,Công ty Cổ phần Lilama 69-3,L63,UPCOM,2016-10-06,,0.0,,2022,10,4,431223000000.0
4959,3109,5.0,5.0,5.0,5.0,1600,0.0,0.0,0,0,0,8000000.0,5.0,-0.8,0,Công ty Cổ phần Lilama 69-3,L63,UPCOM,2016-10-06,,0.0,,2022,10,5,377033000000.0
4958,3109,4.4,4.4,4.4,4.4,0,0.0,0.0,0,0,0,0.0,4.4,0.0,0,Công ty Cổ phần Lilama 69-3,L63,UPCOM,2016-10-06,,0.0,,2022,10,7,547415000000.0
4957,3109,5.0,5.0,5.0,5.0,3100,0.0,0.0,0,0,0,15500000.0,5.0,0.6,0,Công ty Cổ phần Lilama 69-3,L63,UPCOM,2016-10-06,,0.0,,2022,10,11,478937000000.0
4956,3109,5.6,5.7,5.7,5.6,600,0.0,0.0,0,0,0,3410000.0,5.7,0.7,0,Công ty Cổ phần Lilama 69-3,L63,UPCOM,2016-10-06,,0.0,,2022,10,12,366026000000.0
4955,3109,6.5,6.5,6.5,6.5,3000,0.0,0.0,0,0,0,19500000.0,6.5,0.8,0,Công ty Cổ phần Lilama 69-3,L63,UPCOM,2016-10-06,,0.0,,2022,10,13,303265000000.0
4954,3109,6.5,6.5,6.5,6.5,100,0.0,0.0,0,0,0,650000.0,6.5,0.0,0,Công ty Cổ phần Lilama 69-3,L63,UPCOM,2016-10-06,,0.0,,2022,10,14,472721000000.0
4953,3109,6.6,6.6,6.6,6.6,1500,0.0,0.0,0,0,0,9900000.0,6.6,0.1,0,Công ty Cổ phần Lilama 69-3,L63,UPCOM,2016-10-06,,0.0,,2022,10,17,328090000000.0
4952,3109,5.7,6.3,6.3,5.7,1000,0.0,0.0,0,0,0,5770000.0,6.3,-0.3,0,Công ty Cổ phần Lilama 69-3,L63,UPCOM,2016-10-06,,0.0,,2022,10,18,358022000000.0
4951,3109,7.2,7.2,7.2,7.2,100,0.0,0.0,0,0,0,720000.0,7.2,0.5,0,Công ty Cổ phần Lilama 69-3,L63,UPCOM,2016-10-06,,0.0,,2022,10,21,617466000000.0
4950,3109,6.2,6.2,6.2,6.2,4700,0.0,0.0,0,0,0,29140000.0,6.2,-1.0,0,Công ty Cổ phần Lilama 69-3,L63,UPCOM,2016-10-06,,0.0,,2022,10,24,464008000000.0
4949,3109,7.0,7.0,7.0,7.0,110,0.0,0.0,0,0,0,770000.0,7.0,0.8,0,Công ty Cổ phần Lilama 69-3,L63,UPCOM,2016-10-06,,0.0,,2022,10,25,460868000000.0
4948,3109,6.0,6.0,6.0,6.0,500,0.0,0.0,0,0,0,3000000.0,6.0,-1.0,0,Công ty Cổ phần Lilama 69-3,L63,UPCOM,2016-10-06,,0.0,,2022,10,26,262806000000.0
4947,3109,6.0,6.0,6.0,6.0,0,0.0,0.0,0,0,0,0.0,6.0,0.0,0,Công ty Cổ phần Lilama 69-3,L63,UPCOM,2016-10-06,,0.0,,2022,10,27,380720000000.0
4946,3109,5.9,5.9,5.9,5.9,100,0.0,0.0,0,0,0,590000.0,5.9,-0.1,0,Công ty Cổ phần Lilama 69-3,L63,UPCOM,2016-10-06,,0.0,,2022,10,28,342487000000.0
4945,3109,5.9,5.9,5.9,5.9,0,0.0,0.0,0,0,0,0.0,5.9,0.0,0,Công ty Cổ phần Lilama 69-3,L63,UPCOM,2016-10-06,,0.0,,2022,10,31,269374000000.0
4944,3109,6.5,6.5,6.5,6.5,100,0.0,0.0,0,0,0,650000.0,6.5,0.6,0,Công ty Cổ phần Lilama 69-3,L63,UPCOM,2016-10-06,,0.0,,2022,11,1,289976000000.0
4943,3109,5.6,5.6,5.6,5.6,200,0.0,0.0,0,0,0,1120000.0,5.6,-0.9,0,Công ty Cổ phần Lilama 69-3,L63,UPCOM,2016-10-06,,0.0,,2022,11,2,283351000000.0
4942,3109,6.4,6.4,6.4,6.4,1800,0.0,0.0,0,0,0,11520000.0,6.4,0.8,0,Công ty Cổ phần Lilama 69-3,L63,UPCOM,2016-10-06,,0.0,,2022,11,3,221246000000.0
4941,3109,6.4,6.4,6.4,6.4,0,0.0,0.0,0,0,0,0.0,6.4,0.0,0,Công ty Cổ phần Lilama 69-3,L63,UPCOM,2016-10-06,,0.0,,2022,11,4,398840000000.0
4940,3109,6.4,6.4,6.4,6.4,0,0.0,0.0,0,0,0,0.0,6.4,0.0,0,Công ty Cổ phần Lilama 69-3,L63,UPCOM,2016-10-06,,0.0,,2022,11,7,306418000000.0
4939,3109,6.9,6.9,6.9,6.9,100,0.0,0.0,0,0,0,690000.0,6.9,0.5,0,Công ty Cổ phần Lilama 69-3,L63,UPCOM,2016-10-06,,0.0,,2022,11,8,276948000000.0
4938,3109,6.9,6.9,6.9,6.9,0,0.0,0.0,0,0,0,0.0,6.9,0.0,0,Công ty Cổ phần Lilama 69-3,L63,UPCOM,2016-10-06,,0.0,,2022,11,9,213207000000.0
4937,3109,6.9,6.9,6.9,6.9,0,0.0,0.0,0,0,0,0.0,6.9,0.0,0,Công ty Cổ phần Lilama 69-3,L63,UPCOM,2016-10-06,,0.0,,2022,11,10,430216000000.0
4936,3109,6.5,6.5,6.5,6.5,500,0.0,0.0,0,0,0,3250000.0,6.5,-0.4,0,Công ty Cổ phần Lilama 69-3,L63,UPCOM,2016-10-06,,0.0,,2022,11,11,317313000000.0
4935,3109,6.5,6.5,6.5,6.5,0,0.0,0.0,0,0,0,0.0,6.5,0.0,0,Công ty Cổ phần Lilama 69-3,L63,UPCOM,2016-10-06,,0.0,,2022,11,14,381856000000.0
4934,3109,6.5,6.5,6.5,6.5,0,0.0,0.0,0,0,0,0.0,6.5,0.0,0,Công ty Cổ phần Lilama 69-3,L63,UPCOM,2016-10-06,,0.0,,2022,11,15,419047000000.0
session_id,stock_id,open_price,close_price,high_price,low_price,volume_detail,ceiling_price,floor_price,buy_volume,sell_volume,net_volume,matched_value,adjust_price,change_percent,outstanding_share,name,code,stock_space,join_date,leave_date,init_price,category,year,month,day_of_month,volume_session
5164,3109,8.1,8.3,9.3,8.1,8300,0.0,0.0,0,0,0,73590000.0,8.3,0.0,0,Công ty Cổ phần Lilama 69-3,L63,UPCOM,2016-10-06,,0.0,,2021,11,29,2335720000000.0
5163,3109,8.0,8.3,8.3,8.0,600,0.0,0.0,0,0,0,4830000.0,8.3,-0.6,0,Công ty Cổ phần Lilama 69-3,L63,UPCOM,2016-10-06,,0.0,,2021,11,30,2621160000000.0
5162,3109,7.2,7.5,9.2,6.9,58637,0.0,0.0,0,0,0,406276000.0,7.5,-0.6,0,Công ty Cổ phần Lilama 69-3,L63,UPCOM,2016-10-06,,0.0,,2021,12,1,2099650000000.0
5161,3109,7.9,7.9,7.9,7.7,48900,0.0,0.0,0,0,0,386260000.0,7.9,1.0,0,Công ty Cổ phần Lilama 69-3,L63,UPCOM,2016-10-06,,0.0,,2021,12,2,2027150000000.0
5160,3109,9.0,9.0,9.0,8.3,37800,0.0,0.0,0,0,0,334900000.0,9.0,1.1,0,Công ty Cổ phần Lilama 69-3,L63,UPCOM,2016-10-06,,0.0,,2021,12,3,2687170000000.0
5159,3109,10.0,9.3,10.0,9.1,16846,0.0,0.0,0,0,0,165673000.0,9.3,0.4,0,Công ty Cổ phần Lilama 69-3,L63,UPCOM,2016-10-06,,0.0,,2021,12,6,2096640000000.0
5158,3109,9.6,9.0,9.6,8.4,30138,0.0,0.0,0,0,0,255082000.0,9.0,-0.8,0,Công ty Cổ phần Lilama 69-3,L63,UPCOM,2016-10-06,,0.0,,2021,12,7,1660550000000.0
5157,3109,8.5,8.4,8.6,8.4,6200,0.0,0.0,0,0,0,52670000.0,8.4,-0.1,0,Công ty Cổ phần Lilama 69-3,L63,UPCOM,2016-10-06,,0.0,,2021,12,8,1351880000000.0
5156,3109,7.6,7.6,8.5,7.6,3400,0.0,0.0,0,0,0,26260000.0,7.6,-0.9,0,Công ty Cổ phần Lilama 69-3,L63,UPCOM,2016-10-06,,0.0,,2021,12,9,1428510000000.0
5155,3109,8.4,8.3,8.4,7.1,4500,0.0,0.0,0,0,0,35560000.0,8.3,0.6,0,Công ty Cổ phần Lilama 69-3,L63,UPCOM,2016-10-06,,0.0,,2021,12,10,2089700000000.0
5154,3109,7.9,8.1,8.3,7.2,3548,0.0,0.0,0,0,0,26915600.0,8.1,0.2,0,Công ty Cổ phần Lilama 69-3,L63,UPCOM,2016-10-06,,0.0,,2021,12,13,1758110000000.0
5153,3109,7.7,8.2,8.2,7.7,600,0.0,0.0,0,0,0,4840000.0,8.2,0.6,0,Công ty Cổ phần Lilama 69-3,L63,UPCOM,2016-10-06,,0.0,,2021,12,14,1859480000000.0
5152,3109,8.1,8.0,8.1,8.0,3000,0.0,0.0,0,0,0,24120000.0,8.0,-0.1,0,Công ty Cổ phần Lilama 69-3,L63,UPCOM,2016-10-06,,0.0,,2021,12,15,1616870000000.0
5151,3109,7.4,8.3,8.3,7.3,15400,0.0,0.0,0,0,0,113770000.0,8.3,0.3,0,Công ty Cổ phần Lilama 69-3,L63,UPCOM,2016-10-06,,0.0,,2021,12,16,1435900000000.0
5150,3109,8.5,8.1,8.5,7.3,37300,0.0,0.0,0,0,0,279710000.0,8.1,0.7,0,Công ty Cổ phần Lilama 69-3,L63,UPCOM,2016-10-06,,0.0,,2021,12,17,2565470000000.0
5149,3109,7.6,7.7,7.8,7.6,4300,0.0,0.0,0,0,0,33080000.0,7.7,0.2,0,Công ty Cổ phần Lilama 69-3,L63,UPCOM,2016-10-06,,0.0,,2021,12,20,1799090000000.0
5148,3109,7.7,7.7,8.3,7.6,3836,0.0,0.0,0,0,0,29607200.0,7.7,0.0,0,Công ty Cổ phần Lilama 69-3,L63,UPCOM,2016-10-06,,0.0,,2021,12,21,3224080000000.0
5147,3109,7.3,8.0,8.0,7.2,7300,0.0,0.0,0,0,0,53680000.0,8.0,0.3,0,Công ty Cổ phần Lilama 69-3,L63,UPCOM,2016-10-06,,0.0,,2021,12,22,1964880000000.0
5146,3109,7.5,8.2,8.2,7.5,2400,0.0,0.0,0,0,0,19000000.0,8.2,0.8,0,Công ty Cổ phần Lilama 69-3,L63,UPCOM,2016-10-06,,0.0,,2021,12,23,2657150000000.0
5145,3109,8.0,8.1,8.1,7.5,5000,0.0,0.0,0,0,0,38990000.0,8.1,0.2,0,Công ty Cổ phần Lilama 69-3,L63,UPCOM,2016-10-06,,0.0,,2021,12,24,1801920000000.0
5144,3109,7.6,7.9,8.0,7.6,5110,0.0,0.0,0,0,0,40241000.0,7.9,0.1,0,Công ty Cổ phần Lilama 69-3,L63,UPCOM,2016-10-06,,0.0,,2021,12,27,1789340000000.0
5143,3109,8.1,7.8,8.1,7.8,2800,0.0,0.0,0,0,0,22280000.0,7.8,-0.1,0,Công ty Cổ phần Lilama 69-3,L63,UPCOM,2016-10-06,,0.0,,2021,12,28,2221480000000.0
5142,3109,8.1,7.9,8.1,7.9,700,0.0,0.0,0,0,0,5600000.0,7.9,-0.1,0,Công ty Cổ phần Lilama 69-3,L63,UPCOM,2016-10-06,,0.0,,2021,12,29,1722340000000.0
5141,3109,7.8,7.8,7.9,7.8,1200,0.0,0.0,0,0,0,9390000.0,7.8,-0.2,0,Công ty Cổ phần Lilama 69-3,L63,UPCOM,2016-10-06,,0.0,,2021,12,30,1800760000000.0
5140,3109,7.9,7.8,7.9,7.3,1200,0.0,0.0,0,0,0,8870000.0,7.8,0.0,0,Công ty Cổ phần Lilama 69-3,L63,UPCOM,2016-10-06,,0.0,,2021,12,31,2064720000000.0
5139,3109,8.5,7.9,8.5,7.4,2200,0.0,0.0,0,0,0,17290000.0,7.9,0.5,0,Công ty Cổ phần Lilama 69-3,L63,UPCOM,2016-10-06,,0.0,,2022,1,4,2591980000000.0
5138,3109,7.8,7.8,7.8,6.9,19000,0.0,0.0,0,0,0,135500000.0,7.8,-0.1,0,Công ty Cổ phần Lilama 69-3,L63,UPCOM,2016-10-06,,0.0,,2022,1,5,2745240000000.0
5137,3109,8.1,7.6,8.1,7.3,14701,0.0,0.0,0,0,0,111838000.0,7.6,0.5,0,Công ty Cổ phần Lilama 69-3,L63,UPCOM,2016-10-06,,0.0,,2022,1,6,2616400000000.0
5136,3109,7.6,7.9,7.9,7.5,6900,0.0,0.0,0,0,0,51920000.0,7.9,0.3,0,Công ty Cổ phần Lilama 69-3,L63,UPCOM,2016-10-06,,0.0,,2022,1,7,2622950000000.0
5135,3109,7.8,8.4,8.5,7.5,27812,0.0,0.0,0,0,0,218386000.0,8.4,0.9,0,Công ty Cổ phần Lilama 69-3,L63,UPCOM,2016-10-06,,0.0,,2022,1,10,2978920000000.0
5134,3109,7.9,8.0,8.6,7.9,11000,0.0,0.0,0,0,0,89020000.0,8.0,0.1,0,Công ty Cổ phần Lilama 69-3,L63,UPCOM,2016-10-06,,0.0,,2022,1,11,2218830000000.0
5133,3109,8.0,7.9,8.0,7.9,1400,0.0,0.0,0,0,0,11120000.0,7.9,-0.2,0,Công ty Cổ phần Lilama 69-3,L63,UPCOM,2016-10-06,,0.0,,2022,1,12,2384090000000.0
5132,3109,7.1,7.8,7.8,7.0,3500,0.0,0.0,0,0,0,24940000.0,7.8,-0.1,0,Công ty Cổ phần Lilama 69-3,L63,UPCOM,2016-10-06,,0.0,,2022,1,13,1710530000000.0
5131,3109,7.1,7.7,7.7,6.4,1400,0.0,0.0,0,0,0,10230000.0,7.7,0.6,0,Công ty Cổ phần Lilama 69-3,L63,UPCOM,2016-10-06,,0.0,,2022,1,14,1648450000000.0
5130,3109,6.5,6.8,7.8,6.5,4700,0.0,0.0,0,0,0,33390000.0,6.8,-0.5,0,Công ty Cổ phần Lilama 69-3,L63,UPCOM,2016-10-06,,0.0,,2022,1,17,1928480000000.0
5129,3109,6.8,6.2,6.9,6.2,1400,0.0,0.0,0,0,0,9170000.0,6.2,-0.9,0,Công ty Cổ phần Lilama 69-3,L63,UPCOM,2016-10-06,,0.0,,2022,1,18,1460730000000.0
5128,3109,6.3,6.3,6.3,5.8,2800,0.0,0.0,0,0,0,17150000.0,6.3,-0.3,0,Công ty Cổ phần Lilama 69-3,L63,UPCOM,2016-10-06,,0.0,,2022,1,19,1036350000000.0
5127,3109,7.0,7.0,7.0,6.4,900,0.0,0.0,0,0,0,6120000.0,7.0,0.9,0,Công ty Cổ phần Lilama 69-3,L63,UPCOM,2016-10-06,,0.0,,2022,1,20,1016200000000.0
5126,3109,6.8,7.8,7.8,6.8,1100,0.0,0.0,0,0,0,7670000.0,7.8,1.0,0,Công ty Cổ phần Lilama 69-3,L63,UPCOM,2016-10-06,,0.0,,2022,1,21,1937140000000.0
5125,3109,6.6,6.5,6.6,6.5,701,0.0,0.0,0,0,0,4566000.0,6.5,-0.5,0,Công ty Cổ phần Lilama 69-3,L63,UPCOM,2016-10-06,,0.0,,2022,1,24,1159480000000.0
5124,3109,6.1,6.1,6.1,6.1,5300,0.0,0.0,0,0,0,32330000.0,6.1,-0.4,0,Công ty Cổ phần Lilama 69-3,L63,UPCOM,2016-10-06,,0.0,,2022,1,25,994465000000.0
5123,3109,6.0,6.1,6.1,6.0,3900,0.0,0.0,0,0,0,23630000.0,6.1,0.0,0,Công ty Cổ phần Lilama 69-3,L63,UPCOM,2016-10-06,,0.0,,2022,1,26,1088440000000.0
5122,3109,6.1,6.8,6.8,6.1,400,0.0,0.0,0,0,0,2640000.0,6.8,0.7,0,Công ty Cổ phần Lilama 69-3,L63,UPCOM,2016-10-06,,0.0,,2022,1,27,841588000000.0
5121,3109,6.5,7.0,7.0,6.5,400,0.0,0.0,0,0,0,2700000.0,7.0,0.4,0,Công ty Cổ phần Lilama 69-3,L63,UPCOM,2016-10-06,,0.0,,2022,1,28,1494350000000.0
5120,3109,6.1,6.6,6.7,6.0,2308,0.0,0.0,0,0,0,14656800.0,6.6,-0.2,0,Công ty Cổ phần Lilama 69-3,L63,UPCOM,2016-10-06,,0.0,,2022,2,7,1196900000000.0
5119,3109,6.6,6.5,7.0,6.5,5650,0.0,0.0,0,0,0,38545000.0,6.5,0.2,0,Công ty Cổ phần Lilama 69-3,L63,UPCOM,2016-10-06,,0.0,,2022,2,8,1092780000000.0
5118,3109,7.0,7.0,7.0,7.0,1200,0.0,0.0,0,0,0,8400000.0,7.0,0.2,0,Công ty Cổ phần Lilama 69-3,L63,UPCOM,2016-10-06,,0.0,,2022,2,9,1360710000000.0
5117,3109,7.0,7.3,7.3,6.4,1200,0.0,0.0,0,0,0,8250000.0,7.3,0.3,0,Công ty Cổ phần Lilama 69-3,L63,UPCOM,2016-10-06,,0.0,,2022,2,11,1383950000000.0
5116,3109,6.9,6.9,6.9,6.9,0,0.0,0.0,0,0,0,0.0,6.9,0.0,0,Công ty Cổ phần Lilama 69-3,L63,UPCOM,2016-10-06,,0.0,,2022,2,14,1614660000000.0
5115,3109,6.9,6.9,6.9,6.9,0,0.0,0.0,0,0,0,0.0,6.9,0.0,0,Công ty Cổ phần Lilama 69-3,L63,UPCOM,2016-10-06,,0.0,,2022,2,15,1072240000000.0
5114,3109,6.1,7.0,7.0,6.1,700,0.0,0.0,0,0,0,4750000.0,7.0,0.1,0,Công ty Cổ phần Lilama 69-3,L63,UPCOM,2016-10-06,,0.0,,2022,2,16,1320480000000.0
5113,3109,7.0,7.0,7.0,7.0,2000,0.0,0.0,0,0,0,14000000.0,7.0,0.2,0,Công ty Cổ phần Lilama 69-3,L63,UPCOM,2016-10-06,,0.0,,2022,2,17,1221580000000.0
5112,3109,7.0,7.0,7.0,7.0,100,0.0,0.0,0,0,0,700000.0,7.0,0.0,0,Công ty Cổ phần Lilama 69-3,L63,UPCOM,2016-10-06,,0.0,,2022,2,18,1473030000000.0
5111,3109,7.0,7.0,7.0,7.0,400,0.0,0.0,0,0,0,2800000.0,7.0,0.0,0,Công ty Cổ phần Lilama 69-3,L63,UPCOM,2016-10-06,,0.0,,2022,2,21,1650920000000.0
5110,3109,7.0,7.0,7.0,7.0,700,0.0,0.0,0,0,0,4900000.0,7.0,0.0,0,Công ty Cổ phần Lilama 69-3,L63,UPCOM,2016-10-06,,0.0,,2022,2,22,1668050000000.0
5109,3109,7.0,7.3,7.3,7.0,200,0.0,0.0,0,0,0,1430000.0,7.3,0.3,0,Công ty Cổ phần Lilama 69-3,L63,UPCOM,2016-10-06,,0.0,,2022,2,23,1993430000000.0
5108,3109,6.9,6.9,6.9,6.9,600,0.0,0.0,0,0,0,4140000.0,6.9,-0.3,0,Công ty Cổ phần Lilama 69-3,L63,UPCOM,2016-10-06,,0.0,,2022,2,24,2492190000000.0
5107,3109,6.8,7.0,7.0,6.8,2300,0.0,0.0,0,0,0,16030000.0,7.0,0.1,0,Công ty Cổ phần Lilama 69-3,L63,UPCOM,2016-10-06,,0.0,,2022,2,25,1860250000000.0
5106,3109,6.6,6.6,6.6,6.6,1200,0.0,0.0,0,0,0,7920000.0,6.6,-0.4,0,Công ty Cổ phần Lilama 69-3,L63,UPCOM,2016-10-06,,0.0,,2022,2,28,1566520000000.0
5105,3109,7.1,7.4,7.4,7.1,200,0.0,0.0,0,0,0,1450000.0,7.4,0.8,0,Công ty Cổ phần Lilama 69-3,L63,UPCOM,2016-10-06,,0.0,,2022,3,1,1504060000000.0
5104,3109,6.7,6.8,6.8,6.7,1200,0.0,0.0,0,0,0,8130000.0,6.8,-0.5,0,Công ty Cổ phần Lilama 69-3,L63,UPCOM,2016-10-06,,0.0,,2022,3,2,1671170000000.0
5103,3109,6.6,6.8,6.8,6.1,6400,0.0,0.0,0,0,0,40620000.0,6.8,0.0,0,Công ty Cổ phần Lilama 69-3,L63,UPCOM,2016-10-06,,0.0,,2022,3,3,2261830000000.0
5102,3109,6.4,6.8,6.8,6.4,200,0.0,0.0,0,0,0,1320000.0,6.8,0.5,0,Công ty Cổ phần Lilama 69-3,L63,UPCOM,2016-10-06,,0.0,,2022,3,4,1879980000000.0
5101,3109,6.5,6.7,6.7,6.5,8512,0.0,0.0,0,0,0,56079200.0,6.7,0.1,0,Công ty Cổ phần Lilama 69-3,L63,UPCOM,2016-10-06,,0.0,,2022,3,7,2685890000000.0
5100,3109,6.6,6.8,6.8,6.6,700,0.0,0.0,0,0,0,4730000.0,6.8,0.2,0,Công ty Cổ phần Lilama 69-3,L63,UPCOM,2016-10-06,,0.0,,2022,3,8,2435610000000.0
5099,3109,6.8,6.8,6.9,6.8,700,0.0,0.0,0,0,0,4780000.0,6.8,0.0,0,Công ty Cổ phần Lilama 69-3,L63,UPCOM,2016-10-06,,0.0,,2022,3,9,2262270000000.0
5098,3109,6.8,6.9,6.9,6.8,2200,0.0,0.0,0,0,0,15170000.0,6.9,0.1,0,Công ty Cổ phần Lilama 69-3,L63,UPCOM,2016-10-06,,0.0,,2022,3,10,2130480000000.0
5097,3109,6.9,7.0,7.0,6.9,700,0.0,0.0,0,0,0,4890000.0,7.0,0.1,0,Công ty Cổ phần Lilama 69-3,L63,UPCOM,2016-10-06,,0.0,,2022,3,11,2613190000000.0
5096,3109,6.3,6.8,7.0,6.3,2200,0.0,0.0,0,0,0,14960000.0,6.8,-0.2,0,Công ty Cổ phần Lilama 69-3,L63,UPCOM,2016-10-06,,0.0,,2022,3,14,2081110000000.0
5095,3109,6.9,6.9,6.9,6.8,2300,0.0,0.0,0,0,0,15860000.0,6.9,0.1,0,Công ty Cổ phần Lilama 69-3,L63,UPCOM,2016-10-06,,0.0,,2022,3,15,1528690000000.0
5094,3109,7.0,6.6,7.0,6.5,542,0.0,0.0,0,0,0,3633000.0,6.6,-0.3,0,Công ty Cổ phần Lilama 69-3,L63,UPCOM,2016-10-06,,0.0,,2022,3,17,1175500000000.0
5093,3109,6.8,6.9,6.9,6.6,1108,0.0,0.0,0,0,0,7482000.0,6.9,0.2,0,Công ty Cổ phần Lilama 69-3,L63,UPCOM,2016-10-06,,0.0,,2022,3,18,1378890000000.0
5092,3109,6.9,6.9,6.9,6.9,200,0.0,0.0,0,0,0,1380000.0,6.9,0.1,0,Công ty Cổ phần Lilama 69-3,L63,UPCOM,2016-10-06,,0.0,,2022,3,21,1490300000000.0
5091,3109,6.9,6.5,7.0,6.5,10300,0.0,0.0,0,0,0,69010000.0,6.5,-0.4,0,Công ty Cổ phần Lilama 69-3,L63,UPCOM,2016-10-06,,0.0,,2022,3,22,1372830000000.0
5090,3109,6.8,7.4,7.4,6.8,13000,0.0,0.0,0,0,0,92340000.0,7.4,0.7,0,Công ty Cổ phần Lilama 69-3,L63,UPCOM,2016-10-06,,0.0,,2022,3,23,1452020000000.0
5089,3109,7.1,7.1,7.1,7.1,300,0.0,0.0,0,0,0,2130000.0,7.1,0.0,0,Công ty Cổ phần Lilama 69-3,L63,UPCOM,2016-10-06,,0.0,,2022,3,24,1365180000000.0
5088,3109,7.0,7.0,7.1,7.0,1700,0.0,0.0,0,0,0,11930000.0,7.0,-0.1,0,Công ty Cổ phần Lilama 69-3,L63,UPCOM,2016-10-06,,0.0,,2022,3,25,1710830000000.0
5087,3109,6.9,6.7,6.9,6.7,3100,0.0,0.0,0,0,0,20800000.0,6.7,-0.3,0,Công ty Cổ phần Lilama 69-3,L63,UPCOM,2016-10-06,,0.0,,2022,3,28,1976490000000.0
5086,3109,6.7,6.7,6.7,6.7,500,0.0,0.0,0,0,0,3350000.0,6.7,0.0,0,Công ty Cổ phần Lilama 69-3,L63,UPCOM,2016-10-06,,0.0,,2022,3,29,1674370000000.0
5085,3109,6.7,6.7,7.0,6.7,5609,0.0,0.0,0,0,0,37759400.0,6.7,0.0,0,Công ty Cổ phần Lilama 69-3,L63,UPCOM,2016-10-06,,0.0,,2022,3,30,2052840000000.0
5084,3109,6.7,6.7,6.7,6.7,1000,0.0,0.0,0,0,0,6700000.0,6.7,0.0,0,Công ty Cổ phần Lilama 69-3,L63,UPCOM,2016-10-06,,0.0,,2022,3,31,1460730000000.0
5083,3109,6.7,6.7,6.7,6.7,0,0.0,0.0,0,0,0,0.0,6.7,0.0,0,Công ty Cổ phần Lilama 69-3,L63,UPCOM,2016-10-06,,0.0,,2022,4,1,1768900000000.0
5082,3109,6.6,6.8,6.8,6.6,2854,0.0,0.0,0,0,0,18913700.0,6.8,0.1,0,Công ty Cổ phần Lilama 69-3,L63,UPCOM,2016-10-06,,0.0,,2022,4,4,1807550000000.0
5081,3109,6.7,6.8,6.8,6.7,10301,0.0,0.0,0,0,0,69446800.0,6.8,0.2,0,Công ty Cổ phần Lilama 69-3,L63,UPCOM,2016-10-06,,0.0,,2022,4,5,1348370000000.0
5080,3109,6.7,6.7,6.7,6.7,0,0.0,0.0,0,0,0,0.0,6.7,0.0,0,Công ty Cổ phần Lilama 69-3,L63,UPCOM,2016-10-06,,0.0,,2022,4,6,1256760000000.0
5079,3109,6.7,6.7,6.7,6.7,4600,0.0,0.0,0,0,0,30820000.0,6.7,0.0,0,Công ty Cổ phần Lilama 69-3,L63,UPCOM,2016-10-06,,0.0,,2022,4,7,1255580000000.0
5078,3109,6.7,6.8,6.8,6.7,6000,0.0,0.0,0,0,0,40240000.0,6.8,0.1,0,Công ty Cổ phần Lilama 69-3,L63,UPCOM,2016-10-06,,0.0,,2022,4,8,1559900000000.0
5077,3109,6.7,6.8,6.8,6.7,2900,0.0,0.0,0,0,0,19630000.0,6.8,0.1,0,Công ty Cổ phần Lilama 69-3,L63,UPCOM,2016-10-06,,0.0,,2022,4,12,1311040000000.0
5074,3109,6.7,6.6,6.7,6.6,2100,0.0,0.0,0,0,0,13870000.0,6.6,0.6,0,Công ty Cổ phần Lilama 69-3,L63,UPCOM,2016-10-06,,0.0,,2022,4,20,1301980000000.0
5073,3109,6.1,6.1,6.1,6.1,1000,0.0,0.0,0,0,0,6100000.0,6.1,-1.0,0,Công ty Cổ phần Lilama 69-3,L63,UPCOM,2016-10-06,,0.0,,2022,4,22,1257190000000.0
5072,3109,6.6,6.6,6.6,6.6,5000,0.0,0.0,0,0,0,33000000.0,6.6,0.5,0,Công ty Cổ phần Lilama 69-3,L63,UPCOM,2016-10-06,,0.0,,2022,4,25,1076600000000.0
5071,3109,6.5,6.5,6.5,6.5,300,0.0,0.0,0,0,0,1950000.0,6.5,-0.1,0,Công ty Cổ phần Lilama 69-3,L63,UPCOM,2016-10-06,,0.0,,2022,4,26,919972000000.0
5070,3109,6.5,6.5,6.5,6.5,0,0.0,0.0,0,0,0,0.0,6.5,0.0,0,Công ty Cổ phần Lilama 69-3,L63,UPCOM,2016-10-06,,0.0,,2022,4,27,647647000000.0
5069,3109,6.5,6.5,6.5,6.5,0,0.0,0.0,0,0,0,0.0,6.5,0.0,0,Công ty Cổ phần Lilama 69-3,L63,UPCOM,2016-10-06,,0.0,,2022,4,28,670423000000.0
5068,3109,6.4,6.1,6.4,6.0,4600,0.0,0.0,0,0,0,28080000.0,6.1,-0.4,0,Công ty Cổ phần Lilama 69-3,L63,UPCOM,2016-10-06,,0.0,,2022,4,29,861218000000.0
5067,3109,6.1,6.6,6.6,6.1,3000,0.0,0.0,0,0,0,19600000.0,6.6,0.5,0,Công ty Cổ phần Lilama 69-3,L63,UPCOM,2016-10-06,,0.0,,2022,5,4,691572000000.0
5066,3109,7.0,7.0,7.0,7.0,200,0.0,0.0,0,0,0,1400000.0,7.0,0.5,0,Công ty Cổ phần Lilama 69-3,L63,UPCOM,2016-10-06,,0.0,,2022,5,5,721747000000.0
5065,3109,7.0,7.0,7.0,7.0,0,0.0,0.0,0,0,0,0.0,7.0,0.0,0,Công ty Cổ phần Lilama 69-3,L63,UPCOM,2016-10-06,,0.0,,2022,5,6,702918000000.0
5064,3109,6.1,6.0,6.1,6.0,8800,0.0,0.0,0,0,0,53080000.0,6.0,-1.0,0,Công ty Cổ phần Lilama 69-3,L63,UPCOM,2016-10-06,,0.0,,2022,5,9,885391000000.0
5063,3109,6.0,6.0,6.0,6.0,0,0.0,0.0,0,0,0,0.0,6.0,0.0,0,Công ty Cổ phần Lilama 69-3,L63,UPCOM,2016-10-06,,0.0,,2022,5,10,616160000000.0
5062,3109,6.5,6.5,6.5,6.5,100,0.0,0.0,0,0,0,650000.0,6.5,0.5,0,Công ty Cổ phần Lilama 69-3,L63,UPCOM,2016-10-06,,0.0,,2022,5,11,399656000000.0
5061,3109,6.5,6.5,6.5,6.5,0,0.0,0.0,0,0,0,0.0,6.5,0.0,0,Công ty Cổ phần Lilama 69-3,L63,UPCOM,2016-10-06,,0.0,,2022,5,12,555585000000.0
5060,3109,6.4,6.4,6.4,6.4,100,0.0,0.0,0,0,0,640000.0,6.4,-0.1,0,Công ty Cổ phần Lilama 69-3,L63,UPCOM,2016-10-06,,0.0,,2022,5,13,850674000000.0
5059,3109,6.4,6.4,6.4,6.4,0,0.0,0.0,0,0,0,0.0,6.4,0.0,0,Công ty Cổ phần Lilama 69-3,L63,UPCOM,2016-10-06,,0.0,,2022,5,16,481494000000.0
5058,3109,6.3,6.3,6.3,6.3,1000,0.0,0.0,0,0,0,6300000.0,6.3,-0.1,0,Công ty Cổ phần Lilama 69-3,L63,UPCOM,2016-10-06,,0.0,,2022,5,17,736272000000.0
5057,3109,6.3,6.3,6.3,6.3,76300,0.0,0.0,0,0,0,480690000.0,6.3,0.0,0,Công ty Cổ phần Lilama 69-3,L63,UPCOM,2016-10-06,,0.0,,2022,5,18,579303000000.0
5056,3109,6.3,6.3,6.3,6.3,200,0.0,0.0,0,0,0,1260000.0,6.3,0.0,0,Công ty Cổ phần Lilama 69-3,L63,UPCOM,2016-10-06,,0.0,,2022,5,19,653400000000.0
5055,3109,6.3,6.3,6.3,6.3,0,0.0,0.0,0,0,0,0.0,6.3,0.0,0,Công ty Cổ phần Lilama 69-3,L63,UPCOM,2016-10-06,,0.0,,2022,5,20,735041000000.0
5054,3109,7.1,7.1,7.1,7.1,100,0.0,0.0,0,0,0,710000.0,7.1,0.8,0,Công ty Cổ phần Lilama 69-3,L63,UPCOM,2016-10-06,,0.0,,2022,5,23,678632000000.0
5053,3109,7.1,7.1,7.1,7.1,0,0.0,0.0,0,0,0,0.0,7.1,0.0,0,Công ty Cổ phần Lilama 69-3,L63,UPCOM,2016-10-06,,0.0,,2022,5,24,718981000000.0
5052,3109,7.1,7.1,7.1,7.1,0,0.0,0.0,0,0,0,0.0,7.1,0.0,0,Công ty Cổ phần Lilama 69-3,L63,UPCOM,2016-10-06,,0.0,,2022,5,25,879084000000.0
5051,3109,7.1,7.1,7.1,7.1,40000,0.0,0.0,0,0,0,284000000.0,7.1,0.0,0,Công ty Cổ phần Lilama 69-3,L63,UPCOM,2016-10-06,,0.0,,2022,5,26,831747000000.0
5050,3109,7.1,7.1,7.1,7.1,0,0.0,0.0,0,0,0,0.0,7.1,0.0,0,Công ty Cổ phần Lilama 69-3,L63,UPCOM,2016-10-06,,0.0,,2022,5,27,769811000000.0
session_id,stock_id,open_price,close_price,high_price,low_price,volume_detail,ceiling_price,floor_price,buy_volume,sell_volume,net_volume,matched_value,adjust_price,change_percent,outstanding_share,name,code,stock_space,join_date,leave_date,init_price,category,year,month,day_of_month,volume_session
5275,3109,6.8,6.8,6.8,6.8,500,0.0,0.0,0,0,0,3400000.0,6.8,-0.2,0,Công ty Cổ phần Lilama 69-3,L63,UPCOM,2016-10-06,,0.0,,2021,6,23,1681840000000.0
5274,3109,7.0,6.9,7.0,6.05,3013,0.0,0.0,0,0,0,20789700.0,6.9,0.1,0,Công ty Cổ phần Lilama 69-3,L63,UPCOM,2016-10-06,,0.0,,2021,6,24,942804000000.0
5273,3109,6.8,6.8,6.8,6.8,3000,0.0,0.0,0,0,0,20400000.0,6.8,-0.1,0,Công ty Cổ phần Lilama 69-3,L63,UPCOM,2016-10-06,,0.0,,2021,6,25,1258550000000.0
5272,3109,6.8,6.8,6.8,6.8,1000,0.0,0.0,0,0,0,6800000.0,6.8,0.0,0,Công ty Cổ phần Lilama 69-3,L63,UPCOM,2016-10-06,,0.0,,2021,6,28,1310920000000.0
5271,3109,6.8,6.8,6.8,6.8,2500,0.0,0.0,0,0,0,17000000.0,6.8,0.0,0,Công ty Cổ phần Lilama 69-3,L63,UPCOM,2016-10-06,,0.0,,2021,6,29,1361700000000.0
5270,3109,6.8,6.8,6.8,6.8,1300,0.0,0.0,0,0,0,8840000.0,6.8,0.0,0,Công ty Cổ phần Lilama 69-3,L63,UPCOM,2016-10-06,,0.0,,2021,6,30,1014700000000.0
5269,3109,6.8,6.8,6.8,6.8,500,0.0,0.0,0,0,0,3400000.0,6.8,0.0,0,Công ty Cổ phần Lilama 69-3,L63,UPCOM,2016-10-06,,0.0,,2021,7,1,1638780000000.0
5268,3109,6.8,6.8,6.8,6.8,1093,0.0,0.0,0,0,0,7418400.0,6.8,0.0,0,Công ty Cổ phần Lilama 69-3,L63,UPCOM,2016-10-06,,0.0,,2021,7,2,1485860000000.0
5267,3109,6.8,6.8,6.8,6.8,100,0.0,0.0,0,0,0,680000.0,6.8,0.0,0,Công ty Cổ phần Lilama 69-3,L63,UPCOM,2016-10-06,,0.0,,2021,7,5,1589300000000.0
5266,3109,6.8,6.8,6.8,6.8,5000,0.0,0.0,0,0,0,34000000.0,6.8,0.0,0,Công ty Cổ phần Lilama 69-3,L63,UPCOM,2016-10-06,,0.0,,2021,7,6,1656880000000.0
5265,3109,6.8,6.8,6.8,6.8,1000,0.0,0.0,0,0,0,6800000.0,6.8,0.0,0,Công ty Cổ phần Lilama 69-3,L63,UPCOM,2016-10-06,,0.0,,2021,7,7,1344690000000.0
5264,3109,6.8,6.8,6.8,6.8,0,0.0,0.0,0,0,0,0.0,6.8,0.0,0,Công ty Cổ phần Lilama 69-3,L63,UPCOM,2016-10-06,,0.0,,2021,7,8,876929000000.0
5263,3109,6.8,6.8,6.8,6.8,0,0.0,0.0,0,0,0,0.0,6.8,0.0,0,Công ty Cổ phần Lilama 69-3,L63,UPCOM,2016-10-06,,0.0,,2021,7,9,1498860000000.0
5262,3109,6.8,6.8,6.8,6.8,2000,0.0,0.0,0,0,0,13600000.0,6.8,0.0,0,Công ty Cổ phần Lilama 69-3,L63,UPCOM,2016-10-06,,0.0,,2021,7,12,1445900000000.0
5261,3109,6.8,6.8,6.8,6.8,1000,0.0,0.0,0,0,0,6800000.0,6.8,0.0,0,Công ty Cổ phần Lilama 69-3,L63,UPCOM,2016-10-06,,0.0,,2021,7,13,790911000000.0
5260,3109,5.8,6.8,6.8,5.8,1632,0.0,0.0,0,0,0,10997600.0,6.8,0.0,0,Công ty Cổ phần Lilama 69-3,L63,UPCOM,2016-10-06,,0.0,,2021,7,14,731056000000.0
5259,3109,6.7,6.7,6.7,6.7,0,0.0,0.0,0,0,0,0.0,6.7,0.0,0,Công ty Cổ phần Lilama 69-3,L63,UPCOM,2016-10-06,,0.0,,2021,7,15,648347000000.0
5258,3109,6.7,6.7,6.7,6.7,0,0.0,0.0,0,0,0,0.0,6.7,0.0,0,Công ty Cổ phần Lilama 69-3,L63,UPCOM,2016-10-06,,0.0,,2021,7,16,924141000000.0
5257,3109,6.7,6.7,6.7,6.7,0,0.0,0.0,0,0,0,0.0,6.7,0.0,0,Công ty Cổ phần Lilama 69-3,L63,UPCOM,2016-10-06,,0.0,,2021,7,19,1030590000000.0
5256,3109,6.8,6.8,6.8,6.8,1000,0.0,0.0,0,0,0,6800000.0,6.8,0.1,0,Công ty Cổ phần Lilama 69-3,L63,UPCOM,2016-10-06,,0.0,,2021,7,20,773414000000.0
5255,3109,6.8,6.8,6.8,6.8,0,0.0,0.0,0,0,0,0.0,6.8,0.0,0,Công ty Cổ phần Lilama 69-3,L63,UPCOM,2016-10-06,,0.0,,2021,7,21,669508000000.0
5254,3109,6.8,6.8,6.8,6.8,2000,0.0,0.0,0,0,0,13600000.0,6.8,0.0,0,Công ty Cổ phần Lilama 69-3,L63,UPCOM,2016-10-06,,0.0,,2021,7,22,839736000000.0
5253,3109,6.8,6.8,6.8,6.8,3000,0.0,0.0,0,0,0,20400000.0,6.8,0.0,0,Công ty Cổ phần Lilama 69-3,L63,UPCOM,2016-10-06,,0.0,,2021,7,23,850556000000.0
5252,3109,6.8,6.8,6.8,6.8,3000,0.0,0.0,0,0,0,20400000.0,6.8,0.0,0,Công ty Cổ phần Lilama 69-3,L63,UPCOM,2016-10-06,,0.0,,2021,7,26,713865000000.0
5251,3109,6.8,6.8,6.8,6.8,1000,0.0,0.0,0,0,0,6800000.0,6.8,0.0,0,Công ty Cổ phần Lilama 69-3,L63,UPCOM,2016-10-06,,0.0,,2021,7,27,1158010000000.0
5250,3109,6.2,6.2,6.2,6.2,192,0.0,0.0,0,0,0,1181200.0,6.2,-0.6,0,Công ty Cổ phần Lilama 69-3,L63,UPCOM,2016-10-06,,0.0,,2021,7,28,704441000000.0
5249,3109,6.2,6.2,6.2,6.2,0,0.0,0.0,0,0,0,0.0,6.2,0.0,0,Công ty Cổ phần Lilama 69-3,L63,UPCOM,2016-10-06,,0.0,,2021,7,29,841617000000.0
5247,3109,6.8,6.8,6.8,6.8,0,0.0,0.0,0,0,0,0.0,6.8,0.0,0,Công ty Cổ phần Lilama 69-3,L63,UPCOM,2016-10-06,,0.0,,2021,8,2,1238680000000.0
5246,3109,6.4,6.4,6.4,6.4,100,0.0,0.0,0,0,0,640000.0,6.4,-0.4,0,Công ty Cổ phần Lilama 69-3,L63,UPCOM,2016-10-06,,0.0,,2021,8,3,1423670000000.0
5245,3109,7.3,7.3,7.3,7.3,308,0.0,0.0,0,0,0,2248400.0,7.3,0.9,0,Công ty Cổ phần Lilama 69-3,L63,UPCOM,2016-10-06,,0.0,,2021,8,4,1127090000000.0
5244,3109,6.4,6.4,6.4,6.4,100,0.0,0.0,0,0,0,640000.0,6.4,-0.9,0,Công ty Cổ phần Lilama 69-3,L63,UPCOM,2016-10-06,,0.0,,2021,8,5,1009970000000.0
5243,3109,0.0,6.4,0.0,0.0,1,0.0,0.0,0,0,0,6400.0,6.4,0.0,0,Công ty Cổ phần Lilama 69-3,L63,UPCOM,2016-10-06,,0.0,,2021,8,6,1445580000000.0
5242,3109,6.4,6.4,6.4,6.4,0,0.0,0.0,0,0,0,0.0,6.4,0.0,0,Công ty Cổ phần Lilama 69-3,L63,UPCOM,2016-10-06,,0.0,,2021,8,9,1463200000000.0
5241,3109,7.2,7.2,7.2,7.2,100,0.0,0.0,0,0,0,720000.0,7.2,0.8,0,Công ty Cổ phần Lilama 69-3,L63,UPCOM,2016-10-06,,0.0,,2021,8,10,1837090000000.0
5240,3109,7.2,7.2,7.2,7.2,0,0.0,0.0,0,0,0,0.0,7.2,0.0,0,Công ty Cổ phần Lilama 69-3,L63,UPCOM,2016-10-06,,0.0,,2021,8,11,1705100000000.0
5239,3109,6.8,6.8,6.8,6.8,37000,0.0,0.0,0,0,0,251600000.0,6.8,-0.4,0,Công ty Cổ phần Lilama 69-3,L63,UPCOM,2016-10-06,,0.0,,2021,8,12,1711420000000.0
5238,3109,6.8,6.8,6.8,6.8,0,0.0,0.0,0,0,0,0.0,6.8,0.0,0,Công ty Cổ phần Lilama 69-3,L63,UPCOM,2016-10-06,,0.0,,2021,8,13,2174510000000.0
5237,3109,6.0,6.9,6.9,6.0,500,0.0,0.0,0,0,0,3270000.0,6.9,0.1,0,Công ty Cổ phần Lilama 69-3,L63,UPCOM,2016-10-06,,0.0,,2021,8,16,1921240000000.0
5236,3109,6.5,6.5,6.5,6.5,0,0.0,0.0,0,0,0,0.0,6.5,0.0,0,Công ty Cổ phần Lilama 69-3,L63,UPCOM,2016-10-06,,0.0,,2021,8,17,1643410000000.0
5235,3109,6.8,6.8,6.8,6.8,100,0.0,0.0,0,0,0,680000.0,6.8,0.3,0,Công ty Cổ phần Lilama 69-3,L63,UPCOM,2016-10-06,,0.0,,2021,8,18,1481290000000.0
5234,3109,6.8,6.8,6.8,6.8,0,0.0,0.0,0,0,0,0.0,6.8,0.0,0,Công ty Cổ phần Lilama 69-3,L63,UPCOM,2016-10-06,,0.0,,2021,8,19,2140240000000.0
5233,3109,7.7,7.7,7.7,7.7,100,0.0,0.0,0,0,0,770000.0,7.7,0.9,0,Công ty Cổ phần Lilama 69-3,L63,UPCOM,2016-10-06,,0.0,,2021,8,20,3118780000000.0
5232,3109,7.7,7.7,7.7,7.7,0,0.0,0.0,0,0,0,0.0,7.7,0.0,0,Công ty Cổ phần Lilama 69-3,L63,UPCOM,2016-10-06,,0.0,,2021,8,23,1865410000000.0
5231,3109,7.7,7.7,7.7,7.7,0,0.0,0.0,0,0,0,0.0,7.7,0.0,0,Công ty Cổ phần Lilama 69-3,L63,UPCOM,2016-10-06,,0.0,,2021,8,24,1697520000000.0
5230,3109,7.7,7.7,7.7,7.7,0,0.0,0.0,0,0,0,0.0,7.7,0.0,0,Công ty Cổ phần Lilama 69-3,L63,UPCOM,2016-10-06,,0.0,,2021,8,25,1092190000000.0
5229,3109,7.1,7.1,7.1,7.1,100,0.0,0.0,0,0,0,710000.0,7.1,-0.6,0,Công ty Cổ phần Lilama 69-3,L63,UPCOM,2016-10-06,,0.0,,2021,8,26,1236590000000.0
5228,3109,7.1,7.1,7.1,7.1,0,0.0,0.0,0,0,0,0.0,7.1,0.0,0,Công ty Cổ phần Lilama 69-3,L63,UPCOM,2016-10-06,,0.0,,2021,8,27,1679680000000.0
5227,3109,6.3,6.3,6.3,6.3,100,0.0,0.0,0,0,0,630000.0,6.3,-0.8,0,Công ty Cổ phần Lilama 69-3,L63,UPCOM,2016-10-06,,0.0,,2021,8,30,1769270000000.0
5226,3109,7.1,7.1,7.1,7.1,100,0.0,0.0,0,0,0,710000.0,7.1,0.8,0,Công ty Cổ phần Lilama 69-3,L63,UPCOM,2016-10-06,,0.0,,2021,8,31,2031440000000.0
5225,3109,7.1,7.1,7.1,7.1,0,0.0,0.0,0,0,0,0.0,7.1,0.0,0,Công ty Cổ phần Lilama 69-3,L63,UPCOM,2016-10-06,,0.0,,2021,9,1,1900940000000.0
5224,3109,7.1,7.1,7.1,7.1,0,0.0,0.0,0,0,0,0.0,7.1,0.0,0,Công ty Cổ phần Lilama 69-3,L63,UPCOM,2016-10-06,,0.0,,2021,9,6,2419560000000.0
5223,3109,7.2,7.2,7.2,7.2,100,0.0,0.0,0,0,0,720000.0,7.2,0.1,0,Công ty Cổ phần Lilama 69-3,L63,UPCOM,2016-10-06,,0.0,,2021,9,7,2238360000000.0
5222,3109,7.2,7.2,7.2,7.2,0,0.0,0.0,0,0,0,0.0,7.2,0.0,0,Công ty Cổ phần Lilama 69-3,L63,UPCOM,2016-10-06,,0.0,,2021,9,8,1455590000000.0
5221,3109,7.2,7.2,7.2,7.2,0,0.0,0.0,0,0,0,0.0,7.2,0.0,0,Công ty Cổ phần Lilama 69-3,L63,UPCOM,2016-10-06,,0.0,,2021,9,9,1448490000000.0
5220,3109,6.3,6.3,6.3,6.3,100,0.0,0.0,0,0,0,630000.0,6.3,-0.9,0,Công ty Cổ phần Lilama 69-3,L63,UPCOM,2016-10-06,,0.0,,2021,9,10,2039640000000.0
5219,3109,6.3,6.3,6.3,6.3,0,0.0,0.0,0,0,0,0.0,6.3,0.0,0,Công ty Cổ phần Lilama 69-3,L63,UPCOM,2016-10-06,,0.0,,2021,9,13,2156510000000.0
5218,3109,6.3,6.3,6.3,6.3,0,0.0,0.0,0,0,0,0.0,6.3,0.0,0,Công ty Cổ phần Lilama 69-3,L63,UPCOM,2016-10-06,,0.0,,2021,9,14,1719650000000.0
5217,3109,6.3,6.3,6.3,6.3,0,0.0,0.0,0,0,0,0.0,6.3,0.0,0,Công ty Cổ phần Lilama 69-3,L63,UPCOM,2016-10-06,,0.0,,2021,9,15,2394430000000.0
5216,3109,6.3,6.3,6.3,6.3,0,0.0,0.0,0,0,0,0.0,6.3,0.0,0,Công ty Cổ phần Lilama 69-3,L63,UPCOM,2016-10-06,,0.0,,2021,9,16,1952740000000.0
5215,3109,6.3,6.3,6.3,6.3,0,0.0,0.0,0,0,0,0.0,6.3,0.0,0,Công ty Cổ phần Lilama 69-3,L63,UPCOM,2016-10-06,,0.0,,2021,9,17,2345330000000.0
5214,3109,7.2,7.2,7.2,7.2,100,0.0,0.0,0,0,0,720000.0,7.2,0.9,0,Công ty Cổ phần Lilama 69-3,L63,UPCOM,2016-10-06,,0.0,,2021,9,20,2652470000000.0
5213,3109,6.8,6.8,6.8,6.8,100,0.0,0.0,0,0,0,680000.0,6.8,-0.4,0,Công ty Cổ phần Lilama 69-3,L63,UPCOM,2016-10-06,,0.0,,2021,9,21,2055820000000.0
5212,3109,6.8,6.8,6.8,6.8,0,0.0,0.0,0,0,0,0.0,6.8,0.0,0,Công ty Cổ phần Lilama 69-3,L63,UPCOM,2016-10-06,,0.0,,2021,9,22,2019560000000.0
5211,3109,6.8,7.8,7.8,6.7,10600,0.0,0.0,0,0,0,81740000.0,7.8,1.0,0,Công ty Cổ phần Lilama 69-3,L63,UPCOM,2016-10-06,,0.0,,2021,9,23,2397020000000.0
5210,3109,7.7,7.7,7.7,7.7,0,0.0,0.0,0,0,0,0.0,7.7,0.0,0,Công ty Cổ phần Lilama 69-3,L63,UPCOM,2016-10-06,,0.0,,2021,9,24,1994080000000.0
5209,3109,7.7,7.7,7.7,7.7,0,0.0,0.0,0,0,0,0.0,7.7,0.0,0,Công ty Cổ phần Lilama 69-3,L63,UPCOM,2016-10-06,,0.0,,2021,9,27,1963300000000.0
5208,3109,6.6,6.6,6.6,6.6,100,0.0,0.0,0,0,0,660000.0,6.6,-1.1,0,Công ty Cổ phần Lilama 69-3,L63,UPCOM,2016-10-06,,0.0,,2021,9,28,1862360000000.0
5207,3109,5.8,5.8,5.8,5.8,100,0.0,0.0,0,0,0,580000.0,5.8,-0.8,0,Công ty Cổ phần Lilama 69-3,L63,UPCOM,2016-10-06,,0.0,,2021,9,29,1168410000000.0
5206,3109,5.9,6.6,6.6,5.9,400,0.0,0.0,0,0,0,2520000.0,6.6,0.8,0,Công ty Cổ phần Lilama 69-3,L63,UPCOM,2016-10-06,,0.0,,2021,9,30,1241340000000.0
5205,3109,7.2,7.2,7.2,7.2,400,0.0,0.0,0,0,0,2880000.0,7.2,0.9,0,Công ty Cổ phần Lilama 69-3,L63,UPCOM,2016-10-06,,0.0,,2021,10,1,1867540000000.0
5204,3109,7.2,7.2,7.2,7.2,100,0.0,0.0,0,0,0,720000.0,7.2,0.0,0,Công ty Cổ phần Lilama 69-3,L63,UPCOM,2016-10-06,,0.0,,2021,10,4,2284450000000.0
5203,3109,7.2,7.2,7.2,7.2,0,0.0,0.0,0,0,0,0.0,7.2,0.0,0,Công ty Cổ phần Lilama 69-3,L63,UPCOM,2016-10-06,,0.0,,2021,10,5,1716740000000.0
5202,3109,6.3,6.3,6.3,6.3,300,0.0,0.0,0,0,0,1890000.0,6.3,-0.9,0,Công ty Cổ phần Lilama 69-3,L63,UPCOM,2016-10-06,,0.0,,2021,10,6,1798060000000.0
5201,3109,6.3,5.8,6.4,5.8,4800,0.0,0.0,0,0,0,30130000.0,5.8,-0.5,0,Công ty Cổ phần Lilama 69-3,L63,UPCOM,2016-10-06,,0.0,,2021,10,7,2072050000000.0
5200,3109,6.3,6.3,6.3,6.3,300,0.0,0.0,0,0,0,1890000.0,6.3,0.0,0,Công ty Cổ phần Lilama 69-3,L63,UPCOM,2016-10-06,,0.0,,2021,10,8,1848870000000.0
5199,3109,6.2,6.2,6.2,6.2,300,0.0,0.0,0,0,0,1860000.0,6.2,-0.1,0,Công ty Cổ phần Lilama 69-3,L63,UPCOM,2016-10-06,,0.0,,2021,10,11,1787460000000.0
5198,3109,6.2,6.2,6.2,6.2,1700,0.0,0.0,0,0,0,10540000.0,6.2,0.0,0,Công ty Cổ phần Lilama 69-3,L63,UPCOM,2016-10-06,,0.0,,2021,10,12,2127340000000.0
5197,3109,6.1,6.1,6.1,6.1,3300,0.0,0.0,0,0,0,20130000.0,6.1,-0.1,0,Công ty Cổ phần Lilama 69-3,L63,UPCOM,2016-10-06,,0.0,,2021,10,13,1635990000000.0
5196,3109,6.1,6.1,6.1,6.1,0,0.0,0.0,0,0,0,0.0,6.1,0.0,0,Công ty Cổ phần Lilama 69-3,L63,UPCOM,2016-10-06,,0.0,,2021,10,14,1709310000000.0
5195,3109,6.5,6.5,6.5,6.5,100,0.0,0.0,0,0,0,650000.0,6.5,0.4,0,Công ty Cổ phần Lilama 69-3,L63,UPCOM,2016-10-06,,0.0,,2021,10,15,2089710000000.0
5194,3109,6.5,6.5,6.5,6.5,0,0.0,0.0,0,0,0,0.0,6.5,0.0,0,Công ty Cổ phần Lilama 69-3,L63,UPCOM,2016-10-06,,0.0,,2021,10,18,2323300000000.0
5193,3109,6.5,6.5,6.5,6.5,0,0.0,0.0,0,0,0,0.0,6.5,0.0,0,Công ty Cổ phần Lilama 69-3,L63,UPCOM,2016-10-06,,0.0,,2021,10,19,1653700000000.0
5192,3109,6.9,6.9,6.9,6.9,100,0.0,0.0,0,0,0,690000.0,6.9,0.4,0,Công ty Cổ phần Lilama 69-3,L63,UPCOM,2016-10-06,,0.0,,2021,10,20,1868460000000.0
5191,3109,6.9,6.9,6.9,6.9,0,0.0,0.0,0,0,0,0.0,6.9,0.0,0,Công ty Cổ phần Lilama 69-3,L63,UPCOM,2016-10-06,,0.0,,2021,10,21,1651770000000.0
5190,3109,6.9,6.9,6.9,6.9,0,0.0,0.0,0,0,0,0.0,6.9,0.0,0,Công ty Cổ phần Lilama 69-3,L63,UPCOM,2016-10-06,,0.0,,2021,10,22,2366590000000.0
5189,3109,6.9,6.9,6.9,6.9,0,0.0,0.0,0,0,0,0.0,6.9,0.0,0,Công ty Cổ phần Lilama 69-3,L63,UPCOM,2016-10-06,,0.0,,2021,10,25,2016850000000.0
5188,3109,6.2,6.2,6.2,6.2,400,0.0,0.0,0,0,0,2480000.0,6.2,-0.7,0,Công ty Cổ phần Lilama 69-3,L63,UPCOM,2016-10-06,,0.0,,2021,10,26,1649830000000.0
5187,3109,6.5,6.3,6.5,6.3,300,0.0,0.0,0,0,0,1930000.0,6.3,0.1,0,Công ty Cổ phần Lilama 69-3,L63,UPCOM,2016-10-06,,0.0,,2021,10,27,2247050000000.0
5186,3109,6.4,6.4,6.4,6.4,0,0.0,0.0,0,0,0,0.0,6.4,0.0,0,Công ty Cổ phần Lilama 69-3,L63,UPCOM,2016-10-06,,0.0,,2021,10,28,2531370000000.0
5185,3109,6.4,6.9,6.9,6.4,1400,0.0,0.0,0,0,0,9320000.0,6.9,0.5,0,Công ty Cổ phần Lilama 69-3,L63,UPCOM,2016-10-06,,0.0,,2021,10,29,2431070000000.0
5184,3109,6.7,6.7,6.7,6.7,0,0.0,0.0,0,0,0,0.0,6.7,0.0,0,Công ty Cổ phần Lilama 69-3,L63,UPCOM,2016-10-06,,0.0,,2021,11,1,2763340000000.0
5183,3109,6.6,6.2,6.6,6.2,200,0.0,0.0,0,0,0,1280000.0,6.2,-0.5,0,Công ty Cổ phần Lilama 69-3,L63,UPCOM,2016-10-06,,0.0,,2021,11,2,2683490000000.0
5182,3109,6.5,6.5,6.5,6.5,100,0.0,0.0,0,0,0,650000.0,6.5,0.1,0,Công ty Cổ phần Lilama 69-3,L63,UPCOM,2016-10-06,,0.0,,2021,11,3,3511450000000.0
5181,3109,6.5,6.5,6.5,6.5,0,0.0,0.0,0,0,0,0.0,6.5,0.0,0,Công ty Cổ phần Lilama 69-3,L63,UPCOM,2016-10-06,,0.0,,2021,11,4,2188210000000.0
5180,3109,6.5,6.5,6.5,6.5,400,0.0,0.0,0,0,0,2600000.0,6.5,0.0,0,Công ty Cổ phần Lilama 69-3,L63,UPCOM,2016-10-06,,0.0,,2021,11,5,2332510000000.0
5179,3109,6.6,6.6,6.6,6.6,100,0.0,0.0,0,0,0,660000.0,6.6,0.1,0,Công ty Cổ phần Lilama 69-3,L63,UPCOM,2016-10-06,,0.0,,2021,11,8,2768120000000.0
5178,3109,6.6,6.6,6.6,6.6,500,0.0,0.0,0,0,0,3300000.0,6.6,0.0,0,Công ty Cổ phần Lilama 69-3,L63,UPCOM,2016-10-06,,0.0,,2021,11,9,2858680000000.0
5177,3109,7.3,7.1,7.3,7.0,600,0.0,0.0,0,0,0,4330000.0,7.1,0.5,0,Công ty Cổ phần Lilama 69-3,L63,UPCOM,2016-10-06,,0.0,,2021,11,10,2559650000000.0
5176,3109,7.2,7.2,7.2,7.2,1800,0.0,0.0,0,0,0,12960000.0,7.2,0.0,0,Công ty Cổ phần Lilama 69-3,L63,UPCOM,2016-10-06,,0.0,,2021,11,11,2797400000000.0
5175,3109,7.0,7.3,7.3,7.0,2500,0.0,0.0,0,0,0,18070000.0,7.3,0.1,0,Công ty Cổ phần Lilama 69-3,L63,UPCOM,2016-10-06,,0.0,,2021,11,12,3184130000000.0
5174,3109,7.2,8.2,8.2,7.2,14101,0.0,0.0,0,0,0,108127000.0,8.2,1.0,0,Công ty Cổ phần Lilama 69-3,L63,UPCOM,2016-10-06,,0.0,,2021,11,15,3452260000000.0
5173,3109,8.3,7.9,8.8,7.7,11366,0.0,0.0,0,0,0,89482000.0,7.9,0.2,0,Công ty Cổ phần Lilama 69-3,L63,UPCOM,2016-10-06,,0.0,,2021,11,16,2624280000000.0
5172,3109,8.8,9.0,9.0,8.0,15100,0.0,0.0,0,0,0,132520000.0,9.0,1.1,0,Công ty Cổ phần Lilama 69-3,L63,UPCOM,2016-10-06,,0.0,,2021,11,17,2564710000000.0
5171,3109,10.0,8.5,10.0,8.3,9700,0.0,0.0,0,0,0,85670000.0,8.5,-0.3,0,Công ty Cổ phần Lilama 69-3,L63,UPCOM,2016-10-06,,0.0,,2021,11,18,3212060000000.0
5170,3109,10.0,8.5,10.0,8.2,19600,0.0,0.0,0,0,0,171730000.0,8.5,-0.3,0,Công ty Cổ phần Lilama 69-3,L63,UPCOM,2016-10-06,,0.0,,2021,11,19,4923530000000.0
5169,3109,8.1,8.5,10.0,7.6,10529,0.0,0.0,0,0,0,91712300.0,8.5,-0.3,0,Công ty Cổ phần Lilama 69-3,L63,UPCOM,2016-10-06,,0.0,,2021,11,22,3112050000000.0
5168,3109,8.8,8.8,8.8,8.8,5900,0.0,0.0,0,0,0,51920000.0,8.8,0.1,0,Công ty Cổ phần Lilama 69-3,L63,UPCOM,2016-10-06,,0.0,,2021,11,23,1894090000000.0
5167,3109,8.9,8.3,8.9,7.6,11200,0.0,0.0,0,0,0,91720000.0,8.3,-0.5,0,Công ty Cổ phần Lilama 69-3,L63,UPCOM,2016-10-06,,0.0,,2021,11,24,2325260000000.0
5166,3109,8.3,8.1,8.3,8.1,2400,0.0,0.0,0,0,0,19880000.0,8.1,-0.1,0,Công ty Cổ phần Lilama 69-3,L63,UPCOM,2016-10-06,,0.0,,2021,11,25,2081610000000.0
5165,3109,8.3,8.3,8.3,8.3,0,0.0,0.0,0,0,0,0.0,8.3,0.0,0,Công ty Cổ phần Lilama 69-3,L63,UPCOM,2016-10-06,,0.0,,2021,11,26,2663670000000.0
session_id,stock_id,open_price,close_price,high_price,low_price,volume_detail,ceiling_price,floor_price,buy_volume,sell_volume,net_volume,matched_value,adjust_price,change_percent,outstanding_share,name,code,stock_space,join_date,leave_date,init_price,category,year,month,day_of_month,volume_session
5388,3109,9.8,9.8,9.8,9.8,0,0.0,0.0,0,0,0,0.0,9.8,0.0,0,Công ty Cổ phần Lilama 69-3,L63,UPCOM,2016-10-06,,0.0,,2021,1,5,725819000000.0
5387,3109,9.8,9.8,9.8,9.8,0,0.0,0.0,0,0,0,0.0,9.8,0.0,0,Công ty Cổ phần Lilama 69-3,L63,UPCOM,2016-10-06,,0.0,,2021,1,6,806605000000.0
5386,3109,9.8,9.8,9.8,9.8,0,0.0,0.0,0,0,0,0.0,9.8,0.0,0,Công ty Cổ phần Lilama 69-3,L63,UPCOM,2016-10-06,,0.0,,2021,1,7,856024000000.0
5385,3109,9.8,9.8,9.8,9.8,0,0.0,0.0,0,0,0,0.0,9.8,0.0,0,Công ty Cổ phần Lilama 69-3,L63,UPCOM,2016-10-06,,0.0,,2021,1,8,1109430000000.0
5384,3109,9.8,9.8,9.8,9.8,0,0.0,0.0,0,0,0,0.0,9.8,0.0,0,Công ty Cổ phần Lilama 69-3,L63,UPCOM,2016-10-06,,0.0,,2021,1,11,980649000000.0
5383,3109,9.8,9.8,9.8,9.8,0,0.0,0.0,0,0,0,0.0,9.8,0.0,0,Công ty Cổ phần Lilama 69-3,L63,UPCOM,2016-10-06,,0.0,,2021,1,12,1026630000000.0
5382,3109,9.8,9.8,9.8,9.8,0,0.0,0.0,0,0,0,0.0,9.8,0.0,0,Công ty Cổ phần Lilama 69-3,L63,UPCOM,2016-10-06,,0.0,,2021,1,13,1078790000000.0
5381,3109,9.8,9.8,9.8,9.8,0,0.0,0.0,0,0,0,0.0,9.8,0.0,0,Công ty Cổ phần Lilama 69-3,L63,UPCOM,2016-10-06,,0.0,,2021,1,14,789897000000.0
5380,3109,11.2,11.2,11.2,11.2,300,0.0,0.0,0,0,0,3360000.0,11.2,1.4,0,Công ty Cổ phần Lilama 69-3,L63,UPCOM,2016-10-06,,0.0,,2021,1,15,1037540000000.0
5379,3109,11.2,11.2,11.2,11.2,0,0.0,0.0,0,0,0,0.0,11.2,0.0,0,Công ty Cổ phần Lilama 69-3,L63,UPCOM,2016-10-06,,0.0,,2021,1,18,983556000000.0
5378,3109,12.8,12.8,12.8,12.8,100,0.0,0.0,0,0,0,1280000.0,12.8,1.6,0,Công ty Cổ phần Lilama 69-3,L63,UPCOM,2016-10-06,,0.0,,2021,1,19,1419270000000.0
5377,3109,12.8,12.8,12.8,12.8,0,0.0,0.0,0,0,0,0.0,12.8,0.0,0,Công ty Cổ phần Lilama 69-3,L63,UPCOM,2016-10-06,,0.0,,2021,1,20,871103000000.0
5376,3109,12.8,12.8,12.8,12.8,0,0.0,0.0,0,0,0,0.0,12.8,0.0,0,Công ty Cổ phần Lilama 69-3,L63,UPCOM,2016-10-06,,0.0,,2021,1,21,762400000000.0
5375,3109,14.6,14.6,14.6,14.6,100,0.0,0.0,0,0,0,1460000.0,14.6,1.8,0,Công ty Cổ phần Lilama 69-3,L63,UPCOM,2016-10-06,,0.0,,2021,1,22,927066000000.0
5374,3109,14.6,14.6,14.6,14.6,0,0.0,0.0,0,0,0,0.0,14.6,0.0,0,Công ty Cổ phần Lilama 69-3,L63,UPCOM,2016-10-06,,0.0,,2021,1,25,780456000000.0
5373,3109,14.6,14.6,14.6,14.6,0,0.0,0.0,0,0,0,0.0,14.6,0.0,0,Công ty Cổ phần Lilama 69-3,L63,UPCOM,2016-10-06,,0.0,,2021,1,26,956941000000.0
5372,3109,14.6,14.6,14.6,14.6,0,0.0,0.0,0,0,0,0.0,14.6,0.0,0,Công ty Cổ phần Lilama 69-3,L63,UPCOM,2016-10-06,,0.0,,2021,1,27,843693000000.0
5371,3109,14.6,14.6,14.6,14.6,0,0.0,0.0,0,0,0,0.0,14.6,0.0,0,Công ty Cổ phần Lilama 69-3,L63,UPCOM,2016-10-06,,0.0,,2021,1,28,936714000000.0
5370,3109,14.6,14.6,14.6,14.6,0,0.0,0.0,0,0,0,0.0,14.6,0.0,0,Công ty Cổ phần Lilama 69-3,L63,UPCOM,2016-10-06,,0.0,,2021,1,29,837816000000.0
5369,3109,14.6,14.6,14.6,14.6,0,0.0,0.0,0,0,0,0.0,14.6,0.0,0,Công ty Cổ phần Lilama 69-3,L63,UPCOM,2016-10-06,,0.0,,2021,2,1,2099650000000.0
5368,3109,14.6,14.6,14.6,14.6,0,0.0,0.0,0,0,0,0.0,14.6,0.0,0,Công ty Cổ phần Lilama 69-3,L63,UPCOM,2016-10-06,,0.0,,2021,2,2,435690000000.0
5367,3109,14.6,14.6,14.6,14.6,0,0.0,0.0,0,0,0,0.0,14.6,0.0,0,Công ty Cổ phần Lilama 69-3,L63,UPCOM,2016-10-06,,0.0,,2021,2,3,586475000000.0
5366,3109,14.6,14.6,14.6,14.6,0,0.0,0.0,0,0,0,0.0,14.6,0.0,0,Công ty Cổ phần Lilama 69-3,L63,UPCOM,2016-10-06,,0.0,,2021,2,4,552528000000.0
5365,3109,16.6,16.6,16.6,16.6,100,0.0,0.0,0,0,0,1660000.0,16.6,2.0,0,Công ty Cổ phần Lilama 69-3,L63,UPCOM,2016-10-06,,0.0,,2021,2,5,519796000000.0
5362,3109,16.6,16.6,16.6,16.6,0,0.0,0.0,0,0,0,0.0,16.6,0.0,0,Công ty Cổ phần Lilama 69-3,L63,UPCOM,2016-10-06,,0.0,,2021,2,17,717340000000.0
5361,3109,16.6,16.6,16.6,16.6,0,0.0,0.0,0,0,0,0.0,16.6,0.0,0,Công ty Cổ phần Lilama 69-3,L63,UPCOM,2016-10-06,,0.0,,2021,2,18,903559000000.0
5360,3109,16.6,16.6,16.6,16.6,0,0.0,0.0,0,0,0,0.0,16.6,0.0,0,Công ty Cổ phần Lilama 69-3,L63,UPCOM,2016-10-06,,0.0,,2021,2,19,835344000000.0
5359,3109,14.2,14.2,14.2,14.2,600,0.0,0.0,0,0,0,8520000.0,14.2,-2.4,0,Công ty Cổ phần Lilama 69-3,L63,UPCOM,2016-10-06,,0.0,,2021,2,22,671227000000.0
5358,3109,14.2,14.2,14.2,14.2,0,0.0,0.0,0,0,0,0.0,14.2,0.0,0,Công ty Cổ phần Lilama 69-3,L63,UPCOM,2016-10-06,,0.0,,2021,2,23,699886000000.0
5357,3109,14.2,14.2,14.2,14.2,0,0.0,0.0,0,0,0,0.0,14.2,0.0,0,Công ty Cổ phần Lilama 69-3,L63,UPCOM,2016-10-06,,0.0,,2021,2,24,831774000000.0
5356,3109,14.2,14.2,14.2,14.2,0,0.0,0.0,0,0,0,0.0,14.2,0.0,0,Công ty Cổ phần Lilama 69-3,L63,UPCOM,2016-10-06,,0.0,,2021,2,25,577595000000.0
5355,3109,14.2,14.2,14.2,14.2,0,0.0,0.0,0,0,0,0.0,14.2,0.0,0,Công ty Cổ phần Lilama 69-3,L63,UPCOM,2016-10-06,,0.0,,2021,2,26,727082000000.0
5354,3109,14.2,14.2,14.2,14.2,0,0.0,0.0,0,0,0,0.0,14.2,0.0,0,Công ty Cổ phần Lilama 69-3,L63,UPCOM,2016-10-06,,0.0,,2021,3,1,1121180000000.0
5353,3109,14.2,14.2,14.2,14.2,0,0.0,0.0,0,0,0,0.0,14.2,0.0,0,Công ty Cổ phần Lilama 69-3,L63,UPCOM,2016-10-06,,0.0,,2021,3,2,854709000000.0
5352,3109,14.2,14.2,14.2,14.2,0,0.0,0.0,0,0,0,0.0,14.2,0.0,0,Công ty Cổ phần Lilama 69-3,L63,UPCOM,2016-10-06,,0.0,,2021,3,3,896608000000.0
5351,3109,14.2,14.2,14.2,14.2,0,0.0,0.0,0,0,0,0.0,14.2,0.0,0,Công ty Cổ phần Lilama 69-3,L63,UPCOM,2016-10-06,,0.0,,2021,3,4,1681950000000.0
5350,3109,14.2,14.2,14.2,14.2,0,0.0,0.0,0,0,0,0.0,14.2,0.0,0,Công ty Cổ phần Lilama 69-3,L63,UPCOM,2016-10-06,,0.0,,2021,3,5,1338230000000.0
5348,3109,14.2,14.2,14.2,14.2,0,0.0,0.0,0,0,0,0.0,14.2,0.0,0,Công ty Cổ phần Lilama 69-3,L63,UPCOM,2016-10-06,,0.0,,2021,3,9,1448200000000.0
5347,3109,12.1,12.1,12.1,12.1,300,0.0,0.0,0,0,0,3630000.0,12.1,-2.1,0,Công ty Cổ phần Lilama 69-3,L63,UPCOM,2016-10-06,,0.0,,2021,3,10,1008270000000.0
5346,3109,10.3,10.3,10.3,10.3,300,0.0,0.0,0,0,0,3090000.0,10.3,-1.8,0,Công ty Cổ phần Lilama 69-3,L63,UPCOM,2016-10-06,,0.0,,2021,3,11,1010060000000.0
5345,3109,10.3,10.3,10.3,10.3,0,0.0,0.0,0,0,0,0.0,10.3,0.0,0,Công ty Cổ phần Lilama 69-3,L63,UPCOM,2016-10-06,,0.0,,2021,3,12,1005030000000.0
5344,3109,10.3,10.3,10.3,10.3,0,0.0,0.0,0,0,0,0.0,10.3,0.0,0,Công ty Cổ phần Lilama 69-3,L63,UPCOM,2016-10-06,,0.0,,2021,3,15,921735000000.0
5343,3109,11.8,8.8,11.8,8.8,6100,0.0,0.0,0,0,0,53980000.0,8.8,-1.5,0,Công ty Cổ phần Lilama 69-3,L63,UPCOM,2016-10-06,,0.0,,2021,3,16,1213940000000.0
5342,3109,8.8,8.0,8.8,8.0,300,0.0,0.0,0,0,0,2480000.0,8.0,-0.8,0,Công ty Cổ phần Lilama 69-3,L63,UPCOM,2016-10-06,,0.0,,2021,3,17,1631100000000.0
5341,3109,7.5,7.5,7.5,7.5,1208,0.0,0.0,0,0,0,9058400.0,7.5,-0.8,0,Công ty Cổ phần Lilama 69-3,L63,UPCOM,2016-10-06,,0.0,,2021,3,18,909289000000.0
5340,3109,7.5,7.5,7.5,7.5,0,0.0,0.0,0,0,0,0.0,7.5,0.0,0,Công ty Cổ phần Lilama 69-3,L63,UPCOM,2016-10-06,,0.0,,2021,3,19,1408180000000.0
5339,3109,6.8,6.5,6.8,6.5,2690,0.0,0.0,0,0,0,17573000.0,6.5,-1.0,0,Công ty Cổ phần Lilama 69-3,L63,UPCOM,2016-10-06,,0.0,,2021,3,22,1103290000000.0
5338,3109,7.4,7.4,7.4,7.4,100,0.0,0.0,0,0,0,740000.0,7.4,0.9,0,Công ty Cổ phần Lilama 69-3,L63,UPCOM,2016-10-06,,0.0,,2021,3,23,1028670000000.0
5337,3109,8.4,8.4,8.4,8.4,118,0.0,0.0,0,0,0,962400.0,8.4,1.0,0,Công ty Cổ phần Lilama 69-3,L63,UPCOM,2016-10-06,,0.0,,2021,3,24,1292570000000.0
5336,3109,8.4,8.4,8.4,8.4,1900,0.0,0.0,0,0,0,15960000.0,8.4,0.0,0,Công ty Cổ phần Lilama 69-3,L63,UPCOM,2016-10-06,,0.0,,2021,3,25,834309000000.0
5335,3109,8.4,8.4,8.4,8.4,0,0.0,0.0,0,0,0,0.0,8.4,0.0,0,Công ty Cổ phần Lilama 69-3,L63,UPCOM,2016-10-06,,0.0,,2021,3,26,1141580000000.0
5334,3109,8.4,8.4,8.4,8.4,200,0.0,0.0,0,0,0,1680000.0,8.4,0.0,0,Công ty Cổ phần Lilama 69-3,L63,UPCOM,2016-10-06,,0.0,,2021,3,29,819489000000.0
5333,3109,8.4,8.4,8.4,8.4,0,0.0,0.0,0,0,0,0.0,8.4,0.0,0,Công ty Cổ phần Lilama 69-3,L63,UPCOM,2016-10-06,,0.0,,2021,3,30,824376000000.0
5332,3109,8.4,8.2,8.4,8.2,914,0.0,0.0,0,0,0,7554800.0,8.2,-0.2,0,Công ty Cổ phần Lilama 69-3,L63,UPCOM,2016-10-06,,0.0,,2021,3,31,1367190000000.0
5331,3109,8.3,8.3,8.3,8.3,84,0.0,0.0,0,0,0,628400.0,8.3,0.0,0,Công ty Cổ phần Lilama 69-3,L63,UPCOM,2016-10-06,,0.0,,2021,4,1,1153200000000.0
5330,3109,8.3,8.3,8.3,8.3,24,0.0,0.0,0,0,0,201600.0,8.3,0.0,0,Công ty Cổ phần Lilama 69-3,L63,UPCOM,2016-10-06,,0.0,,2021,4,2,1136450000000.0
5329,3109,8.3,8.3,8.3,8.3,0,0.0,0.0,0,0,0,0.0,8.3,0.0,0,Công ty Cổ phần Lilama 69-3,L63,UPCOM,2016-10-06,,0.0,,2021,4,5,1249870000000.0
5328,3109,8.3,8.3,8.3,8.3,31,0.0,0.0,0,0,0,226300.0,8.3,0.0,0,Công ty Cổ phần Lilama 69-3,L63,UPCOM,2016-10-06,,0.0,,2021,4,6,1175090000000.0
5327,3109,8.3,8.3,8.3,8.3,0,0.0,0.0,0,0,0,0.0,8.3,0.0,0,Công ty Cổ phần Lilama 69-3,L63,UPCOM,2016-10-06,,0.0,,2021,4,7,1035580000000.0
5326,3109,7.3,8.2,8.2,7.1,15100,0.0,0.0,0,0,0,107560000.0,8.2,-0.1,0,Công ty Cổ phần Lilama 69-3,L63,UPCOM,2016-10-06,,0.0,,2021,4,8,1269050000000.0
5324,3109,7.8,7.9,7.9,7.8,200,0.0,0.0,0,0,0,1570000.0,7.9,0.3,0,Công ty Cổ phần Lilama 69-3,L63,UPCOM,2016-10-06,,0.0,,2021,4,12,1250730000000.0
5323,3109,7.9,7.9,7.9,7.9,3100,0.0,0.0,0,0,0,24490000.0,7.9,0.0,0,Công ty Cổ phần Lilama 69-3,L63,UPCOM,2016-10-06,,0.0,,2021,4,13,1634730000000.0
5322,3109,7.9,7.9,7.9,7.9,2516,0.0,0.0,0,0,0,19876400.0,7.9,0.0,0,Công ty Cổ phần Lilama 69-3,L63,UPCOM,2016-10-06,,0.0,,2021,4,14,1050150000000.0
5321,3109,7.9,7.9,7.9,7.9,0,0.0,0.0,0,0,0,0.0,7.9,0.0,0,Công ty Cổ phần Lilama 69-3,L63,UPCOM,2016-10-06,,0.0,,2021,4,15,1037730000000.0
5320,3109,7.8,7.9,7.9,7.8,9700,0.0,0.0,0,0,0,76130000.0,7.9,0.0,0,Công ty Cổ phần Lilama 69-3,L63,UPCOM,2016-10-06,,0.0,,2021,4,16,1245000000000.0
5319,3109,7.8,7.8,7.8,7.8,1800,0.0,0.0,0,0,0,14040000.0,7.8,0.0,0,Công ty Cổ phần Lilama 69-3,L63,UPCOM,2016-10-06,,0.0,,2021,4,19,803251000000.0
5318,3109,7.0,7.0,7.1,7.0,4400,0.0,0.0,0,0,0,30950000.0,7.0,-0.8,0,Công ty Cổ phần Lilama 69-3,L63,UPCOM,2016-10-06,,0.0,,2021,4,20,885361000000.0
5317,3109,7.9,7.9,7.9,7.9,100,0.0,0.0,0,0,0,790000.0,7.9,0.9,0,Công ty Cổ phần Lilama 69-3,L63,UPCOM,2016-10-06,,0.0,,2021,4,22,973272000000.0
5316,3109,7.1,7.1,7.1,7.1,100,0.0,0.0,0,0,0,710000.0,7.1,-0.8,0,Công ty Cổ phần Lilama 69-3,L63,UPCOM,2016-10-06,,0.0,,2021,4,23,875729000000.0
5315,3109,7.1,7.1,7.1,7.1,2900,0.0,0.0,0,0,0,20590000.0,7.1,0.0,0,Công ty Cổ phần Lilama 69-3,L63,UPCOM,2016-10-06,,0.0,,2021,4,26,650081000000.0
5314,3109,7.1,7.1,7.1,7.1,0,0.0,0.0,0,0,0,0.0,7.1,0.0,0,Công ty Cổ phần Lilama 69-3,L63,UPCOM,2016-10-06,,0.0,,2021,4,27,518638000000.0
5313,3109,7.1,7.1,7.1,7.1,100,0.0,0.0,0,0,0,710000.0,7.1,0.0,0,Công ty Cổ phần Lilama 69-3,L63,UPCOM,2016-10-06,,0.0,,2021,4,28,444481000000.0
5312,3109,7.1,7.1,7.1,7.1,0,0.0,0.0,0,0,0,0.0,7.1,0.0,0,Công ty Cổ phần Lilama 69-3,L63,UPCOM,2016-10-06,,0.0,,2021,4,29,580286000000.0
5311,3109,6.2,6.2,6.2,6.2,2000,0.0,0.0,0,0,0,12400000.0,6.2,-0.9,0,Công ty Cổ phần Lilama 69-3,L63,UPCOM,2016-10-06,,0.0,,2021,5,4,621545000000.0
5310,3109,7.0,7.1,7.1,7.0,1300,0.0,0.0,0,0,0,9130000.0,7.1,0.9,0,Công ty Cổ phần Lilama 69-3,L63,UPCOM,2016-10-06,,0.0,,2021,5,5,885929000000.0
5309,3109,7.8,7.8,7.8,7.8,100,0.0,0.0,0,0,0,780000.0,7.8,0.8,0,Công ty Cổ phần Lilama 69-3,L63,UPCOM,2016-10-06,,0.0,,2021,5,6,936532000000.0
5308,3109,7.8,7.8,7.8,7.8,0,0.0,0.0,0,0,0,0.0,7.8,0.0,0,Công ty Cổ phần Lilama 69-3,L63,UPCOM,2016-10-06,,0.0,,2021,5,7,945763000000.0
5307,3109,7.8,7.8,7.8,7.8,0,0.0,0.0,0,0,0,0.0,7.8,0.0,0,Công ty Cổ phần Lilama 69-3,L63,UPCOM,2016-10-06,,0.0,,2021,5,10,925055000000.0
5306,3109,7.7,7.7,7.7,7.7,100,0.0,0.0,0,0,0,770000.0,7.7,-0.1,0,Công ty Cổ phần Lilama 69-3,L63,UPCOM,2016-10-06,,0.0,,2021,5,11,835450000000.0
5305,3109,7.7,7.7,7.7,7.7,0,0.0,0.0,0,0,0,0.0,7.7,0.0,0,Công ty Cổ phần Lilama 69-3,L63,UPCOM,2016-10-06,,0.0,,2021,5,12,818722000000.0
5304,3109,7.7,7.7,7.7,7.7,0,0.0,0.0,0,0,0,0.0,7.7,0.0,0,Công ty Cổ phần Lilama 69-3,L63,UPCOM,2016-10-06,,0.0,,2021,5,13,831589000000.0
5303,3109,7.7,7.7,7.7,7.7,0,0.0,0.0,0,0,0,0.0,7.7,0.0,0,Công ty Cổ phần Lilama 69-3,L63,UPCOM,2016-10-06,,0.0,,2021,5,14,929986000000.0
5302,3109,7.7,7.7,7.7,7.7,0,0.0,0.0,0,0,0,0.0,7.7,0.0,0,Công ty Cổ phần Lilama 69-3,L63,UPCOM,2016-10-06,,0.0,,2021,5,17,764399000000.0
5301,3109,7.7,7.7,7.7,7.7,0,0.0,0.0,0,0,0,0.0,7.7,0.0,0,Công ty Cổ phần Lilama 69-3,L63,UPCOM,2016-10-06,,0.0,,2021,5,18,822460000000.0
5300,3109,7.6,7.6,7.6,7.6,100,0.0,0.0,0,0,0,760000.0,7.6,-0.1,0,Công ty Cổ phần Lilama 69-3,L63,UPCOM,2016-10-06,,0.0,,2021,5,19,587797000000.0
5299,3109,7.6,7.6,7.6,7.6,0,0.0,0.0,0,0,0,0.0,7.6,0.0,0,Công ty Cổ phần Lilama 69-3,L63,UPCOM,2016-10-06,,0.0,,2021,5,20,942287000000.0
5298,3109,7.0,7.0,7.0,7.0,100,0.0,0.0,0,0,0,700000.0,7.0,-0.6,0,Công ty Cổ phần Lilama 69-3,L63,UPCOM,2016-10-06,,0.0,,2021,5,21,1294970000000.0
5297,3109,7.0,7.0,7.0,7.0,900,0.0,0.0,0,0,0,6300000.0,7.0,0.0,0,Công ty Cổ phần Lilama 69-3,L63,UPCOM,2016-10-06,,0.0,,2021,5,24,840758000000.0
5296,3109,7.0,7.0,7.0,7.0,0,0.0,0.0,0,0,0,0.0,7.0,0.0,0,Công ty Cổ phần Lilama 69-3,L63,UPCOM,2016-10-06,,0.0,,2021,5,25,1013160000000.0
5295,3109,7.0,7.0,7.0,7.0,0,0.0,0.0,0,0,0,0.0,7.0,0.0,0,Công ty Cổ phần Lilama 69-3,L63,UPCOM,2016-10-06,,0.0,,2021,5,26,979778000000.0
5294,3109,7.0,7.0,7.0,7.0,300,0.0,0.0,0,0,0,2100000.0,7.0,0.0,0,Công ty Cổ phần Lilama 69-3,L63,UPCOM,2016-10-06,,0.0,,2021,5,27,1307780000000.0
5293,3109,7.0,7.0,7.0,7.0,2900,0.0,0.0,0,0,0,20300000.0,7.0,0.0,0,Công ty Cổ phần Lilama 69-3,L63,UPCOM,2016-10-06,,0.0,,2021,5,28,1519460000000.0
5292,3109,7.0,7.0,7.0,7.0,0,0.0,0.0,0,0,0,0.0,7.0,0.0,0,Công ty Cổ phần Lilama 69-3,L63,UPCOM,2016-10-06,,0.0,,2021,5,31,1948800000000.0
5291,3109,7.0,7.0,7.0,7.0,0,0.0,0.0,0,0,0,0.0,7.0,0.0,0,Công ty Cổ phần Lilama 69-3,L63,UPCOM,2016-10-06,,0.0,,2021,6,1,1789480000000.0
5290,3109,7.0,7.0,7.0,7.0,0,0.0,0.0,0,0,0,0.0,7.0,0.0,0,Công ty Cổ phần Lilama 69-3,L63,UPCOM,2016-10-06,,0.0,,2021,6,2,2058620000000.0
5289,3109,7.0,7.0,7.0,7.0,0,0.0,0.0,0,0,0,0.0,7.0,0.0,0,Công ty Cổ phần Lilama 69-3,L63,UPCOM,2016-10-06,,0.0,,2021,6,3,2003500000000.0
5288,3109,7.0,7.0,7.0,7.0,500,0.0,0.0,0,0,0,3500000.0,7.0,0.0,0,Công ty Cổ phần Lilama 69-3,L63,UPCOM,2016-10-06,,0.0,,2021,6,4,2380920000000.0
5287,3109,7.0,7.0,7.0,7.0,900,0.0,0.0,0,0,0,6300000.0,7.0,0.0,0,Công ty Cổ phần Lilama 69-3,L63,UPCOM,2016-10-06,,0.0,,2021,6,7,2069280000000.0
5286,3109,6.8,6.8,6.8,6.8,500,0.0,0.0,0,0,0,3400000.0,6.8,-0.2,0,Công ty Cổ phần Lilama 69-3,L63,UPCOM,2016-10-06,,0.0,,2021,6,8,1993550000000.0
5285,3109,6.8,6.8,6.8,6.8,1500,0.0,0.0,0,0,0,10200000.0,6.8,0.0,0,Công ty Cổ phần Lilama 69-3,L63,UPCOM,2016-10-06,,0.0,,2021,6,9,1492340000000.0
5284,3109,6.8,6.8,6.8,6.8,0,0.0,0.0,0,0,0,0.0,6.8,0.0,0,Công ty Cổ phần Lilama 69-3,L63,UPCOM,2016-10-06,,0.0,,2021,6,10,1519130000000.0
5283,3109,6.8,6.8,6.8,6.8,0,0.0,0.0,0,0,0,0.0,6.8,0.0,0,Công ty Cổ phần Lilama 69-3,L63,UPCOM,2016-10-06,,0.0,,2021,6,11,1657980000000.0
5282,3109,6.8,6.8,6.8,6.8,0,0.0,0.0,0,0,0,0.0,6.8,0.0,0,Công ty Cổ phần Lilama 69-3,L63,UPCOM,2016-10-06,,0.0,,2021,6,14,1749770000000.0
5281,3109,6.8,6.8,6.8,6.8,100,0.0,0.0,0,0,0,680000.0,6.8,0.0,0,Công ty Cổ phần Lilama 69-3,L63,UPCOM,2016-10-06,,0.0,,2021,6,15,1365310000000.0
5280,3109,6.8,5.9,6.8,5.9,1265,0.0,0.0,0,0,0,8447800.0,5.9,-0.9,0,Công ty Cổ phần Lilama 69-3,L63,UPCOM,2016-10-06,,0.0,,2021,6,16,1621670000000.0
5279,3109,6.9,6.9,6.9,6.9,300,0.0,0.0,0,0,0,2070000.0,6.9,0.2,0,Công ty Cổ phần Lilama 69-3,L63,UPCOM,2016-10-06,,0.0,,2021,6,17,1301520000000.0
5278,3109,6.9,6.9,6.9,6.9,0,0.0,0.0,0,0,0,0.0,6.9,0.0,0,Công ty Cổ phần Lilama 69-3,L63,UPCOM,2016-10-06,,0.0,,2021,6,18,1876400000000.0
5277,3109,6.9,6.9,6.9,6.9,1,0.0,0.0,0,0,0,6900.0,6.9,0.0,0,Công ty Cổ phần Lilama 69-3,L63,UPCOM,2016-10-06,,0.0,,2021,6,21,1627920000000.0
5276,3109,7.0,7.0,7.0,7.0,1100,0.0,0.0,0,0,0,7700000.0,7.0,0.1,0,Công ty Cổ phần Lilama 69-3,L63,UPCOM,2016-10-06,,0.0,,2021,6,22,1534590000000.0
session_id,stock_id,open_price,close_price,high_price,low_price,volume_detail,ceiling_price,floor_price,buy_volume,sell_volume,net_volume,matched_value,adjust_price,change_percent,outstanding_share,name,code,stock_space,join_date,leave_date,init_price,category,year,month,day_of_month,volume_session
5500,3109,7.5,7.5,7.5,7.5,0,0.0,0.0,0,0,0,0.0,7.5,0.0,0,Công ty Cổ phần Lilama 69-3,L63,UPCOM,2016-10-06,,0.0,,2020,7,29,259979000000.0
5499,3109,7.5,7.5,7.5,7.5,0,0.0,0.0,0,0,0,0.0,7.5,0.0,0,Công ty Cổ phần Lilama 69-3,L63,UPCOM,2016-10-06,,0.0,,2020,7,30,169699000000.0
5498,3109,7.5,7.5,7.5,7.5,0,0.0,0.0,0,0,0,0.0,7.5,0.0,0,Công ty Cổ phần Lilama 69-3,L63,UPCOM,2016-10-06,,0.0,,2020,7,31,207481000000.0
5497,3109,7.5,7.5,7.5,7.5,0,0.0,0.0,0,0,0,0.0,7.5,0.0,0,Công ty Cổ phần Lilama 69-3,L63,UPCOM,2016-10-06,,0.0,,2020,8,3,216106000000.0
5496,3109,7.5,7.5,7.5,7.5,0,0.0,0.0,0,0,0,0.0,7.5,0.0,0,Công ty Cổ phần Lilama 69-3,L63,UPCOM,2016-10-06,,0.0,,2020,8,4,209456000000.0
5495,3109,7.5,7.5,7.5,7.5,0,0.0,0.0,0,0,0,0.0,7.5,0.0,0,Công ty Cổ phần Lilama 69-3,L63,UPCOM,2016-10-06,,0.0,,2020,8,5,240942000000.0
5494,3109,7.5,7.5,7.5,7.5,0,0.0,0.0,0,0,0,0.0,7.5,0.0,0,Công ty Cổ phần Lilama 69-3,L63,UPCOM,2016-10-06,,0.0,,2020,8,6,229281000000.0
5493,3109,7.5,7.5,7.5,7.5,0,0.0,0.0,0,0,0,0.0,7.5,0.0,0,Công ty Cổ phần Lilama 69-3,L63,UPCOM,2016-10-06,,0.0,,2020,8,7,181333000000.0
5492,3109,7.5,7.5,7.5,7.5,0,0.0,0.0,0,0,0,0.0,7.5,0.0,0,Công ty Cổ phần Lilama 69-3,L63,UPCOM,2016-10-06,,0.0,,2020,8,10,214733000000.0
5491,3109,7.5,7.5,7.5,7.5,0,0.0,0.0,0,0,0,0.0,7.5,0.0,0,Công ty Cổ phần Lilama 69-3,L63,UPCOM,2016-10-06,,0.0,,2020,8,11,288114000000.0
5490,3109,7.5,7.5,7.5,7.5,0,0.0,0.0,0,0,0,0.0,7.5,0.0,0,Công ty Cổ phần Lilama 69-3,L63,UPCOM,2016-10-06,,0.0,,2020,8,12,262897000000.0
5489,3109,7.5,7.5,7.5,7.5,0,0.0,0.0,0,0,0,0.0,7.5,0.0,0,Công ty Cổ phần Lilama 69-3,L63,UPCOM,2016-10-06,,0.0,,2020,8,13,238360000000.0
5488,3109,7.5,7.5,7.5,7.5,0,0.0,0.0,0,0,0,0.0,7.5,0.0,0,Công ty Cổ phần Lilama 69-3,L63,UPCOM,2016-10-06,,0.0,,2020,8,14,299284000000.0
5487,3109,7.5,7.5,7.5,7.5,0,0.0,0.0,0,0,0,0.0,7.5,0.0,0,Công ty Cổ phần Lilama 69-3,L63,UPCOM,2016-10-06,,0.0,,2020,8,17,318739000000.0
5486,3109,7.5,7.5,7.5,7.5,0,0.0,0.0,0,0,0,0.0,7.5,0.0,0,Công ty Cổ phần Lilama 69-3,L63,UPCOM,2016-10-06,,0.0,,2020,8,18,255479000000.0
5485,3109,7.5,7.5,7.5,7.5,0,0.0,0.0,0,0,0,0.0,7.5,0.0,0,Công ty Cổ phần Lilama 69-3,L63,UPCOM,2016-10-06,,0.0,,2020,8,19,245982000000.0
5484,3109,7.5,7.5,7.5,7.5,0,0.0,0.0,0,0,0,0.0,7.5,0.0,0,Công ty Cổ phần Lilama 69-3,L63,UPCOM,2016-10-06,,0.0,,2020,8,20,253015000000.0
5483,3109,7.5,7.5,7.5,7.5,0,0.0,0.0,0,0,0,0.0,7.5,0.0,0,Công ty Cổ phần Lilama 69-3,L63,UPCOM,2016-10-06,,0.0,,2020,8,21,314490000000.0
5482,3109,7.5,7.5,7.5,7.5,0,0.0,0.0,0,0,0,0.0,7.5,0.0,0,Công ty Cổ phần Lilama 69-3,L63,UPCOM,2016-10-06,,0.0,,2020,8,24,403403000000.0
5481,3109,7.5,7.5,7.5,7.5,0,0.0,0.0,0,0,0,0.0,7.5,0.0,0,Công ty Cổ phần Lilama 69-3,L63,UPCOM,2016-10-06,,0.0,,2020,8,25,415145000000.0
5480,3109,7.5,7.5,7.5,7.5,0,0.0,0.0,0,0,0,0.0,7.5,0.0,0,Công ty Cổ phần Lilama 69-3,L63,UPCOM,2016-10-06,,0.0,,2020,8,26,346168000000.0
5479,3109,7.5,7.5,7.5,7.5,0,0.0,0.0,0,0,0,0.0,7.5,0.0,0,Công ty Cổ phần Lilama 69-3,L63,UPCOM,2016-10-06,,0.0,,2020,8,27,295146000000.0
5478,3109,7.5,7.5,7.5,7.5,0,0.0,0.0,0,0,0,0.0,7.5,0.0,0,Công ty Cổ phần Lilama 69-3,L63,UPCOM,2016-10-06,,0.0,,2020,8,28,353556000000.0
5477,3109,7.5,7.5,7.5,7.5,0,0.0,0.0,0,0,0,0.0,7.5,0.0,0,Công ty Cổ phần Lilama 69-3,L63,UPCOM,2016-10-06,,0.0,,2020,8,31,373079000000.0
5476,3109,7.5,7.5,7.5,7.5,0,0.0,0.0,0,0,0,0.0,7.5,0.0,0,Công ty Cổ phần Lilama 69-3,L63,UPCOM,2016-10-06,,0.0,,2020,9,1,250977000000.0
5475,3109,7.5,7.5,7.5,7.5,0,0.0,0.0,0,0,0,0.0,7.5,0.0,0,Công ty Cổ phần Lilama 69-3,L63,UPCOM,2016-10-06,,0.0,,2020,9,3,320268000000.0
5474,3109,7.5,7.5,7.5,7.5,0,0.0,0.0,0,0,0,0.0,7.5,0.0,0,Công ty Cổ phần Lilama 69-3,L63,UPCOM,2016-10-06,,0.0,,2020,9,4,316276000000.0
5473,3109,7.5,7.5,7.5,7.5,0,0.0,0.0,0,0,0,0.0,7.5,0.0,0,Công ty Cổ phần Lilama 69-3,L63,UPCOM,2016-10-06,,0.0,,2020,9,7,313181000000.0
5472,3109,7.5,7.5,7.5,7.5,0,0.0,0.0,0,0,0,0.0,7.5,0.0,0,Công ty Cổ phần Lilama 69-3,L63,UPCOM,2016-10-06,,0.0,,2020,9,8,235336000000.0
5471,3109,7.5,7.5,7.5,7.5,0,0.0,0.0,0,0,0,0.0,7.5,0.0,0,Công ty Cổ phần Lilama 69-3,L63,UPCOM,2016-10-06,,0.0,,2020,9,9,287568000000.0
5470,3109,6.5,6.5,6.5,6.5,1000,0.0,0.0,0,0,0,6500000.0,6.5,-1.0,0,Công ty Cổ phần Lilama 69-3,L63,UPCOM,2016-10-06,,0.0,,2020,9,10,252220000000.0
5469,3109,6.2,6.2,6.2,6.2,1637,0.0,0.0,0,0,0,10139200.0,6.2,-0.3,0,Công ty Cổ phần Lilama 69-3,L63,UPCOM,2016-10-06,,0.0,,2020,9,11,238300000000.0
5468,3109,7.1,7.1,7.1,7.1,1500,0.0,0.0,0,0,0,10650000.0,7.1,0.9,0,Công ty Cổ phần Lilama 69-3,L63,UPCOM,2016-10-06,,0.0,,2020,9,14,418743000000.0
5467,3109,7.5,7.5,7.5,7.5,1500,0.0,0.0,0,0,0,11250000.0,7.5,0.4,0,Công ty Cổ phần Lilama 69-3,L63,UPCOM,2016-10-06,,0.0,,2020,9,15,309526000000.0
5466,3109,8.6,8.6,8.6,8.6,101,0.0,0.0,0,0,0,867500.0,8.6,1.1,0,Công ty Cổ phần Lilama 69-3,L63,UPCOM,2016-10-06,,0.0,,2020,9,16,332918000000.0
5465,3109,9.8,9.8,9.8,9.8,100,0.0,0.0,0,0,0,980000.0,9.8,1.2,0,Công ty Cổ phần Lilama 69-3,L63,UPCOM,2016-10-06,,0.0,,2020,9,17,385917000000.0
5464,3109,11.2,8.4,11.2,8.4,1418,0.0,0.0,0,0,0,12206600.0,8.4,-1.4,0,Công ty Cổ phần Lilama 69-3,L63,UPCOM,2016-10-06,,0.0,,2020,9,18,416029000000.0
5463,3109,8.6,8.6,8.6,8.6,0,0.0,0.0,0,0,0,0.0,8.6,0.0,0,Công ty Cổ phần Lilama 69-3,L63,UPCOM,2016-10-06,,0.0,,2020,9,21,451988000000.0
5462,3109,9.8,9.8,9.8,9.8,100,0.0,0.0,0,0,0,980000.0,9.8,1.2,0,Công ty Cổ phần Lilama 69-3,L63,UPCOM,2016-10-06,,0.0,,2020,9,22,372952000000.0
5461,3109,9.8,9.8,9.8,9.8,0,0.0,0.0,0,0,0,0.0,9.8,0.0,0,Công ty Cổ phần Lilama 69-3,L63,UPCOM,2016-10-06,,0.0,,2020,9,23,439006000000.0
5460,3109,11.1,11.1,11.1,11.1,100,0.0,0.0,0,0,0,1110000.0,11.1,1.3,0,Công ty Cổ phần Lilama 69-3,L63,UPCOM,2016-10-06,,0.0,,2020,9,24,362325000000.0
5459,3109,12.5,12.5,12.5,12.5,100,0.0,0.0,0,0,0,1250000.0,12.5,1.4,0,Công ty Cổ phần Lilama 69-3,L63,UPCOM,2016-10-06,,0.0,,2020,9,25,400627000000.0
5458,3109,12.5,12.5,12.5,12.5,8,0.0,0.0,0,0,0,85600.0,12.5,0.0,0,Công ty Cổ phần Lilama 69-3,L63,UPCOM,2016-10-06,,0.0,,2020,9,28,390939000000.0
5457,3109,12.5,12.5,12.5,12.5,0,0.0,0.0,0,0,0,0.0,12.5,0.0,0,Công ty Cổ phần Lilama 69-3,L63,UPCOM,2016-10-06,,0.0,,2020,9,29,475864000000.0
5456,3109,12.5,12.5,12.5,12.5,0,0.0,0.0,0,0,0,0.0,12.5,0.0,0,Công ty Cổ phần Lilama 69-3,L63,UPCOM,2016-10-06,,0.0,,2020,9,30,401021000000.0
5455,3109,12.5,12.5,12.5,12.5,0,0.0,0.0,0,0,0,0.0,12.5,0.0,0,Công ty Cổ phần Lilama 69-3,L63,UPCOM,2016-10-06,,0.0,,2020,10,1,507201000000.0
5454,3109,12.5,12.5,12.5,12.5,0,0.0,0.0,0,0,0,0.0,12.5,0.0,0,Công ty Cổ phần Lilama 69-3,L63,UPCOM,2016-10-06,,0.0,,2020,10,2,655376000000.0
5453,3109,12.5,12.5,12.5,12.5,0,0.0,0.0,0,0,0,0.0,12.5,0.0,0,Công ty Cổ phần Lilama 69-3,L63,UPCOM,2016-10-06,,0.0,,2020,10,5,365736000000.0
5452,3109,12.5,12.5,12.5,12.5,0,0.0,0.0,0,0,0,0.0,12.5,0.0,0,Công ty Cổ phần Lilama 69-3,L63,UPCOM,2016-10-06,,0.0,,2020,10,6,491288000000.0
5451,3109,12.5,12.5,12.5,12.5,0,0.0,0.0,0,0,0,0.0,12.5,0.0,0,Công ty Cổ phần Lilama 69-3,L63,UPCOM,2016-10-06,,0.0,,2020,10,7,501661000000.0
5450,3109,14.2,10.7,14.2,10.7,200,0.0,0.0,0,0,0,2490000.0,10.7,-1.8,0,Công ty Cổ phần Lilama 69-3,L63,UPCOM,2016-10-06,,0.0,,2020,10,8,445386000000.0
5449,3109,12.5,12.5,12.5,12.5,0,0.0,0.0,0,0,0,0.0,12.5,0.0,0,Công ty Cổ phần Lilama 69-3,L63,UPCOM,2016-10-06,,0.0,,2020,10,9,403189000000.0
5448,3109,12.5,12.5,12.5,12.5,0,0.0,0.0,0,0,0,0.0,12.5,0.0,0,Công ty Cổ phần Lilama 69-3,L63,UPCOM,2016-10-06,,0.0,,2020,10,12,423296000000.0
5447,3109,12.5,12.5,12.5,12.5,0,0.0,0.0,0,0,0,0.0,12.5,0.0,0,Công ty Cổ phần Lilama 69-3,L63,UPCOM,2016-10-06,,0.0,,2020,10,13,314444000000.0
5446,3109,14.1,10.7,14.1,10.7,200,0.0,0.0,0,0,0,2480000.0,10.7,-1.8,0,Công ty Cổ phần Lilama 69-3,L63,UPCOM,2016-10-06,,0.0,,2020,10,14,482930000000.0
5445,3109,12.4,12.4,12.4,12.4,0,0.0,0.0,0,0,0,0.0,12.4,0.0,0,Công ty Cổ phần Lilama 69-3,L63,UPCOM,2016-10-06,,0.0,,2020,10,15,759368000000.0
5444,3109,12.4,12.4,12.4,12.4,0,0.0,0.0,0,0,0,0.0,12.4,0.0,0,Công ty Cổ phần Lilama 69-3,L63,UPCOM,2016-10-06,,0.0,,2020,10,16,479392000000.0
5443,3109,12.4,12.4,12.4,12.4,0,0.0,0.0,0,0,0,0.0,12.4,0.0,0,Công ty Cổ phần Lilama 69-3,L63,UPCOM,2016-10-06,,0.0,,2020,10,19,365475000000.0
5442,3109,12.4,12.4,12.4,12.4,0,0.0,0.0,0,0,0,0.0,12.4,0.0,0,Công ty Cổ phần Lilama 69-3,L63,UPCOM,2016-10-06,,0.0,,2020,10,20,449549000000.0
5441,3109,12.4,12.4,12.4,12.4,0,0.0,0.0,0,0,0,0.0,12.4,0.0,0,Công ty Cổ phần Lilama 69-3,L63,UPCOM,2016-10-06,,0.0,,2020,10,21,424688000000.0
5440,3109,10.6,10.6,10.6,10.6,100,0.0,0.0,0,0,0,1060000.0,10.6,-1.8,0,Công ty Cổ phần Lilama 69-3,L63,UPCOM,2016-10-06,,0.0,,2020,10,22,302270000000.0
5439,3109,10.6,10.6,10.6,10.6,0,0.0,0.0,0,0,0,0.0,10.6,0.0,0,Công ty Cổ phần Lilama 69-3,L63,UPCOM,2016-10-06,,0.0,,2020,10,23,460623000000.0
5438,3109,10.6,10.6,10.6,10.6,0,0.0,0.0,0,0,0,0.0,10.6,0.0,0,Công ty Cổ phần Lilama 69-3,L63,UPCOM,2016-10-06,,0.0,,2020,10,26,269985000000.0
5437,3109,9.1,9.1,9.1,9.1,100,0.0,0.0,0,0,0,910000.0,9.1,-1.5,0,Công ty Cổ phần Lilama 69-3,L63,UPCOM,2016-10-06,,0.0,,2020,10,27,217503000000.0
5436,3109,9.1,9.1,9.1,9.1,0,0.0,0.0,0,0,0,0.0,9.1,0.0,0,Công ty Cổ phần Lilama 69-3,L63,UPCOM,2016-10-06,,0.0,,2020,10,28,350269000000.0
5435,3109,9.1,9.1,9.1,9.1,0,0.0,0.0,0,0,0,0.0,9.1,0.0,0,Công ty Cổ phần Lilama 69-3,L63,UPCOM,2016-10-06,,0.0,,2020,10,29,226953000000.0
5434,3109,7.8,7.8,7.8,7.8,100,0.0,0.0,0,0,0,780000.0,7.8,-1.3,0,Công ty Cổ phần Lilama 69-3,L63,UPCOM,2016-10-06,,0.0,,2020,10,30,157466000000.0
5433,3109,6.7,8.9,8.9,6.7,328,0.0,0.0,0,0,0,2434000.0,8.9,1.1,0,Công ty Cổ phần Lilama 69-3,L63,UPCOM,2016-10-06,,0.0,,2020,11,2,151745000000.0
5432,3109,8.0,8.6,8.6,8.0,2572,0.0,0.0,0,0,0,21814400.0,8.6,0.8,0,Công ty Cổ phần Lilama 69-3,L63,UPCOM,2016-10-06,,0.0,,2020,11,3,148170000000.0
5431,3109,8.0,7.8,8.0,7.8,200,0.0,0.0,0,0,0,1580000.0,7.8,-0.7,0,Công ty Cổ phần Lilama 69-3,L63,UPCOM,2016-10-06,,0.0,,2020,11,4,216959000000.0
5430,3109,7.0,7.0,7.0,7.0,100,0.0,0.0,0,0,0,700000.0,7.0,-0.9,0,Công ty Cổ phần Lilama 69-3,L63,UPCOM,2016-10-06,,0.0,,2020,11,5,187273000000.0
5429,3109,6.0,6.0,6.0,6.0,100,0.0,0.0,0,0,0,600000.0,6.0,-1.0,0,Công ty Cổ phần Lilama 69-3,L63,UPCOM,2016-10-06,,0.0,,2020,11,6,183338000000.0
5428,3109,6.9,6.9,6.9,6.9,2800,0.0,0.0,0,0,0,19320000.0,6.9,0.9,0,Công ty Cổ phần Lilama 69-3,L63,UPCOM,2016-10-06,,0.0,,2020,11,9,265516000000.0
5427,3109,7.8,7.8,7.8,7.8,100,0.0,0.0,0,0,0,780000.0,7.8,0.9,0,Công ty Cổ phần Lilama 69-3,L63,UPCOM,2016-10-06,,0.0,,2020,11,10,318928000000.0
5426,3109,7.8,7.8,7.8,7.8,0,0.0,0.0,0,0,0,0.0,7.8,0.0,0,Công ty Cổ phần Lilama 69-3,L63,UPCOM,2016-10-06,,0.0,,2020,11,11,216058000000.0
5425,3109,7.0,7.0,7.0,7.0,3000,0.0,0.0,0,0,0,21000000.0,7.0,-0.8,0,Công ty Cổ phần Lilama 69-3,L63,UPCOM,2016-10-06,,0.0,,2020,11,12,288604000000.0
5424,3109,7.9,7.9,7.9,7.9,100,0.0,0.0,0,0,0,790000.0,7.9,0.9,0,Công ty Cổ phần Lilama 69-3,L63,UPCOM,2016-10-06,,0.0,,2020,11,13,290004000000.0
5423,3109,9.0,9.0,9.0,9.0,300,0.0,0.0,0,0,0,2700000.0,9.0,1.1,0,Công ty Cổ phần Lilama 69-3,L63,UPCOM,2016-10-06,,0.0,,2020,11,16,324471000000.0
5422,3109,10.3,10.3,10.3,10.3,300,0.0,0.0,0,0,0,3090000.0,10.3,1.3,0,Công ty Cổ phần Lilama 69-3,L63,UPCOM,2016-10-06,,0.0,,2020,11,17,391564000000.0
5421,3109,10.3,10.3,10.3,10.3,0,0.0,0.0,0,0,0,0.0,10.3,0.0,0,Công ty Cổ phần Lilama 69-3,L63,UPCOM,2016-10-06,,0.0,,2020,11,18,403458000000.0
5420,3109,8.8,8.8,8.8,8.8,300,0.0,0.0,0,0,0,2640000.0,8.8,-1.5,0,Công ty Cổ phần Lilama 69-3,L63,UPCOM,2016-10-06,,0.0,,2020,11,19,382093000000.0
5419,3109,8.8,8.8,8.8,8.8,0,0.0,0.0,0,0,0,0.0,8.8,0.0,0,Công ty Cổ phần Lilama 69-3,L63,UPCOM,2016-10-06,,0.0,,2020,11,20,483547000000.0
5417,3109,11.5,11.5,11.5,11.5,0,0.0,0.0,0,0,0,0.0,11.5,0.0,0,Công ty Cổ phần Lilama 69-3,L63,UPCOM,2016-10-06,,0.0,,2020,11,24,501770000000.0
5416,3109,11.5,11.5,11.5,11.5,0,0.0,0.0,0,0,0,0.0,11.5,0.0,0,Công ty Cổ phần Lilama 69-3,L63,UPCOM,2016-10-06,,0.0,,2020,11,25,483760000000.0
5415,3109,11.5,11.5,11.5,11.5,0,0.0,0.0,0,0,0,0.0,11.5,0.0,0,Công ty Cổ phần Lilama 69-3,L63,UPCOM,2016-10-06,,0.0,,2020,11,26,469960000000.0
5414,3109,11.5,11.5,11.5,11.5,0,0.0,0.0,0,0,0,0.0,11.5,0.0,0,Công ty Cổ phần Lilama 69-3,L63,UPCOM,2016-10-06,,0.0,,2020,11,27,381477000000.0
5413,3109,11.5,11.5,11.5,11.5,0,0.0,0.0,0,0,0,0.0,11.5,0.0,0,Công ty Cổ phần Lilama 69-3,L63,UPCOM,2016-10-06,,0.0,,2020,11,30,383074000000.0
5412,3109,11.5,11.5,11.5,11.5,0,0.0,0.0,0,0,0,0.0,11.5,0.0,0,Công ty Cổ phần Lilama 69-3,L63,UPCOM,2016-10-06,,0.0,,2020,12,1,569252000000.0
5411,3109,11.5,11.5,11.5,11.5,0,0.0,0.0,0,0,0,0.0,11.5,0.0,0,Công ty Cổ phần Lilama 69-3,L63,UPCOM,2016-10-06,,0.0,,2020,12,2,518079000000.0
5410,3109,11.5,11.5,11.5,11.5,0,0.0,0.0,0,0,0,0.0,11.5,0.0,0,Công ty Cổ phần Lilama 69-3,L63,UPCOM,2016-10-06,,0.0,,2020,12,3,535982000000.0
5409,3109,11.5,11.5,11.5,11.5,0,0.0,0.0,0,0,0,0.0,11.5,0.0,0,Công ty Cổ phần Lilama 69-3,L63,UPCOM,2016-10-06,,0.0,,2020,12,4,585212000000.0
5408,3109,11.5,11.5,11.5,11.5,0,0.0,0.0,0,0,0,0.0,11.5,0.0,0,Công ty Cổ phần Lilama 69-3,L63,UPCOM,2016-10-06,,0.0,,2020,12,7,512722000000.0
5407,3109,11.5,11.5,11.5,11.5,0,0.0,0.0,0,0,0,0.0,11.5,0.0,0,Công ty Cổ phần Lilama 69-3,L63,UPCOM,2016-10-06,,0.0,,2020,12,8,503692000000.0
5406,3109,11.5,11.5,11.5,11.5,0,0.0,0.0,0,0,0,0.0,11.5,0.0,0,Công ty Cổ phần Lilama 69-3,L63,UPCOM,2016-10-06,,0.0,,2020,12,9,684614000000.0
5405,3109,9.8,9.8,9.8,9.8,1300,0.0,0.0,0,0,0,12740000.0,9.8,-1.7,0,Công ty Cổ phần Lilama 69-3,L63,UPCOM,2016-10-06,,0.0,,2020,12,10,685895000000.0
5404,3109,9.8,9.8,9.8,9.8,0,0.0,0.0,0,0,0,0.0,9.8,0.0,0,Công ty Cổ phần Lilama 69-3,L63,UPCOM,2016-10-06,,0.0,,2020,12,11,636738000000.0
5403,3109,9.8,9.8,9.8,9.8,0,0.0,0.0,0,0,0,0.0,9.8,0.0,0,Công ty Cổ phần Lilama 69-3,L63,UPCOM,2016-10-06,,0.0,,2020,12,14,1967170000000.0
5402,3109,9.8,9.8,9.8,9.8,0,0.0,0.0,0,0,0,0.0,9.8,0.0,0,Công ty Cổ phần Lilama 69-3,L63,UPCOM,2016-10-06,,0.0,,2020,12,15,710825000000.0
5401,3109,9.8,9.8,9.8,9.8,0,0.0,0.0,0,0,0,0.0,9.8,0.0,0,Công ty Cổ phần Lilama 69-3,L63,UPCOM,2016-10-06,,0.0,,2020,12,16,645948000000.0
5400,3109,9.8,9.8,9.8,9.8,0,0.0,0.0,0,0,0,0.0,9.8,0.0,0,Công ty Cổ phần Lilama 69-3,L63,UPCOM,2016-10-06,,0.0,,2020,12,17,711858000000.0
5399,3109,9.8,9.8,9.8,9.8,0,0.0,0.0,0,0,0,0.0,9.8,0.0,0,Công ty Cổ phần Lilama 69-3,L63,UPCOM,2016-10-06,,0.0,,2020,12,18,630125000000.0
5398,3109,9.8,9.8,9.8,9.8,0,0.0,0.0,0,0,0,0.0,9.8,0.0,0,Công ty Cổ phần Lilama 69-3,L63,UPCOM,2016-10-06,,0.0,,2020,12,21,782655000000.0
5397,3109,9.8,9.8,9.8,9.8,0,0.0,0.0,0,0,0,0.0,9.8,0.0,0,Công ty Cổ phần Lilama 69-3,L63,UPCOM,2016-10-06,,0.0,,2020,12,22,895468000000.0
5396,3109,9.8,9.8,9.8,9.8,0,0.0,0.0,0,0,0,0.0,9.8,0.0,0,Công ty Cổ phần Lilama 69-3,L63,UPCOM,2016-10-06,,0.0,,2020,12,23,917443000000.0
5395,3109,9.8,9.8,9.8,9.8,0,0.0,0.0,0,0,0,0.0,9.8,0.0,0,Công ty Cổ phần Lilama 69-3,L63,UPCOM,2016-10-06,,0.0,,2020,12,24,949790000000.0
5394,3109,9.8,9.8,9.8,9.8,0,0.0,0.0,0,0,0,0.0,9.8,0.0,0,Công ty Cổ phần Lilama 69-3,L63,UPCOM,2016-10-06,,0.0,,2020,12,25,699410000000.0
5393,3109,9.8,9.8,9.8,9.8,0,0.0,0.0,0,0,0,0.0,9.8,0.0,0,Công ty Cổ phần Lilama 69-3,L63,UPCOM,2016-10-06,,0.0,,2020,12,28,764011000000.0
5392,3109,9.8,9.8,9.8,9.8,0,0.0,0.0,0,0,0,0.0,9.8,0.0,0,Công ty Cổ phần Lilama 69-3,L63,UPCOM,2016-10-06,,0.0,,2020,12,29,790622000000.0
5391,3109,9.8,9.8,9.8,9.8,0,0.0,0.0,0,0,0,0.0,9.8,0.0,0,Công ty Cổ phần Lilama 69-3,L63,UPCOM,2016-10-06,,0.0,,2020,12,30,647033000000.0
5390,3109,9.8,9.8,9.8,9.8,0,0.0,0.0,0,0,0,0.0,9.8,0.0,0,Công ty Cổ phần Lilama 69-3,L63,UPCOM,2016-10-06,,0.0,,2020,12,31,460038000000.0
5389,3109,9.8,9.8,9.8,9.8,0,0.0,0.0,0,0,0,0.0,9.8,0.0,0,Công ty Cổ phần Lilama 69-3,L63,UPCOM,2016-10-06,,0.0,,2021,1,4,753311000000.0
session_id,stock_id,open_price,close_price,high_price,low_price,volume_detail,ceiling_price,floor_price,buy_volume,sell_volume,net_volume,matched_value,adjust_price,change_percent,outstanding_share,name,code,stock_space,join_date,leave_date,init_price,category,year,month,day_of_month,volume_session
5612,3109,8.0,8.0,8.0,8.0,0,0.0,0.0,0,0,0,0.0,8.0,0.0,0,Công ty Cổ phần Lilama 69-3,L63,UPCOM,2016-10-06,,0.0,,2020,2,17,143209000000.0
5611,3109,8.0,8.0,8.0,8.0,0,0.0,0.0,0,0,0,0.0,8.0,0.0,0,Công ty Cổ phần Lilama 69-3,L63,UPCOM,2016-10-06,,0.0,,2020,2,18,139038000000.0
5610,3109,8.0,8.0,8.0,8.0,0,0.0,0.0,0,0,0,0.0,8.0,0.0,0,Công ty Cổ phần Lilama 69-3,L63,UPCOM,2016-10-06,,0.0,,2020,2,19,164654000000.0
5609,3109,8.0,8.0,8.0,8.0,0,0.0,0.0,0,0,0,0.0,8.0,0.0,0,Công ty Cổ phần Lilama 69-3,L63,UPCOM,2016-10-06,,0.0,,2020,2,20,168293000000.0
5608,3109,8.0,8.0,8.0,8.0,0,0.0,0.0,0,0,0,0.0,8.0,0.0,0,Công ty Cổ phần Lilama 69-3,L63,UPCOM,2016-10-06,,0.0,,2020,2,21,219498000000.0
5607,3109,8.0,8.0,8.0,8.0,0,0.0,0.0,0,0,0,0.0,8.0,0.0,0,Công ty Cổ phần Lilama 69-3,L63,UPCOM,2016-10-06,,0.0,,2020,2,24,256999000000.0
5606,3109,8.0,7.9,8.0,7.9,18800,0.0,0.0,0,0,0,149900000.0,7.9,-0.1,0,Công ty Cổ phần Lilama 69-3,L63,UPCOM,2016-10-06,,0.0,,2020,2,25,167928000000.0
5605,3109,8.0,8.0,8.0,8.0,0,0.0,0.0,0,0,0,0.0,8.0,0.0,0,Công ty Cổ phần Lilama 69-3,L63,UPCOM,2016-10-06,,0.0,,2020,2,26,153811000000.0
5604,3109,8.0,8.0,8.0,8.0,0,0.0,0.0,0,0,0,0.0,8.0,0.0,0,Công ty Cổ phần Lilama 69-3,L63,UPCOM,2016-10-06,,0.0,,2020,2,27,137586000000.0
5603,3109,8.0,8.0,8.0,8.0,0,0.0,0.0,0,0,0,0.0,8.0,0.0,0,Công ty Cổ phần Lilama 69-3,L63,UPCOM,2016-10-06,,0.0,,2020,2,28,205270000000.0
5602,3109,6.8,6.8,6.8,6.8,100,0.0,0.0,0,0,0,680000.0,6.8,-1.2,0,Công ty Cổ phần Lilama 69-3,L63,UPCOM,2016-10-06,,0.0,,2020,3,2,215580000000.0
5601,3109,6.8,6.8,6.8,6.8,0,0.0,0.0,0,0,0,0.0,6.8,0.0,0,Công ty Cổ phần Lilama 69-3,L63,UPCOM,2016-10-06,,0.0,,2020,3,3,212950000000.0
5600,3109,6.8,6.8,6.8,6.8,0,0.0,0.0,0,0,0,0.0,6.8,0.0,0,Công ty Cổ phần Lilama 69-3,L63,UPCOM,2016-10-06,,0.0,,2020,3,5,224133000000.0
5599,3109,6.8,6.8,6.8,6.8,0,0.0,0.0,0,0,0,0.0,6.8,0.0,0,Công ty Cổ phần Lilama 69-3,L63,UPCOM,2016-10-06,,0.0,,2020,3,6,149039000000.0
5598,3109,7.8,7.8,7.8,7.8,5200,0.0,0.0,0,0,0,40560000.0,7.8,1.0,0,Công ty Cổ phần Lilama 69-3,L63,UPCOM,2016-10-06,,0.0,,2020,3,9,383298000000.0
5597,3109,7.8,7.8,7.8,7.8,0,0.0,0.0,0,0,0,0.0,7.8,0.0,0,Công ty Cổ phần Lilama 69-3,L63,UPCOM,2016-10-06,,0.0,,2020,3,10,231579000000.0
5595,3109,7.8,7.8,7.8,7.8,0,0.0,0.0,0,0,0,0.0,7.8,0.0,0,Công ty Cổ phần Lilama 69-3,L63,UPCOM,2016-10-06,,0.0,,2020,3,12,270283000000.0
5594,3109,7.8,7.8,7.8,7.8,0,0.0,0.0,0,0,0,0.0,7.8,0.0,0,Công ty Cổ phần Lilama 69-3,L63,UPCOM,2016-10-06,,0.0,,2020,3,13,270069000000.0
5593,3109,7.8,7.8,7.8,7.8,0,0.0,0.0,0,0,0,0.0,7.8,0.0,0,Công ty Cổ phần Lilama 69-3,L63,UPCOM,2016-10-06,,0.0,,2020,3,16,159537000000.0
5592,3109,7.8,7.8,7.8,7.8,0,0.0,0.0,0,0,0,0.0,7.8,0.0,0,Công ty Cổ phần Lilama 69-3,L63,UPCOM,2016-10-06,,0.0,,2020,3,17,163915000000.0
5591,3109,7.8,7.8,7.8,7.8,0,0.0,0.0,0,0,0,0.0,7.8,0.0,0,Công ty Cổ phần Lilama 69-3,L63,UPCOM,2016-10-06,,0.0,,2020,3,18,156465000000.0
5590,3109,7.8,7.8,7.8,7.8,0,0.0,0.0,0,0,0,0.0,7.8,0.0,0,Công ty Cổ phần Lilama 69-3,L63,UPCOM,2016-10-06,,0.0,,2020,3,19,124999000000.0
5589,3109,7.8,7.8,7.8,7.8,0,0.0,0.0,0,0,0,0.0,7.8,0.0,0,Công ty Cổ phần Lilama 69-3,L63,UPCOM,2016-10-06,,0.0,,2020,3,20,137743000000.0
5588,3109,7.8,7.8,7.8,7.8,0,0.0,0.0,0,0,0,0.0,7.8,0.0,0,Công ty Cổ phần Lilama 69-3,L63,UPCOM,2016-10-06,,0.0,,2020,3,23,269468000000.0
5587,3109,6.7,6.7,6.7,6.7,100,0.0,0.0,0,0,0,670000.0,6.7,-1.1,0,Công ty Cổ phần Lilama 69-3,L63,UPCOM,2016-10-06,,0.0,,2020,3,24,140172000000.0
5586,3109,5.7,5.7,5.7,5.7,100,0.0,0.0,0,0,0,570000.0,5.7,-1.0,0,Công ty Cổ phần Lilama 69-3,L63,UPCOM,2016-10-06,,0.0,,2020,3,25,160133000000.0
5585,3109,5.7,5.7,5.7,5.7,0,0.0,0.0,0,0,0,0.0,5.7,0.0,0,Công ty Cổ phần Lilama 69-3,L63,UPCOM,2016-10-06,,0.0,,2020,3,26,132078000000.0
5584,3109,5.7,5.7,5.7,5.7,0,0.0,0.0,0,0,0,0.0,5.7,0.0,0,Công ty Cổ phần Lilama 69-3,L63,UPCOM,2016-10-06,,0.0,,2020,3,27,96839800000.0
5583,3109,5.7,5.7,5.7,5.7,0,0.0,0.0,0,0,0,0.0,5.7,0.0,0,Công ty Cổ phần Lilama 69-3,L63,UPCOM,2016-10-06,,0.0,,2020,3,30,121029000000.0
5582,3109,5.7,5.7,5.7,5.7,0,0.0,0.0,0,0,0,0.0,5.7,0.0,0,Công ty Cổ phần Lilama 69-3,L63,UPCOM,2016-10-06,,0.0,,2020,3,31,112258000000.0
5581,3109,5.7,5.7,5.7,5.7,0,0.0,0.0,0,0,0,0.0,5.7,0.0,0,Công ty Cổ phần Lilama 69-3,L63,UPCOM,2016-10-06,,0.0,,2020,4,1,88518900000.0
5580,3109,5.7,5.7,5.7,5.7,0,0.0,0.0,0,0,0,0.0,5.7,0.0,0,Công ty Cổ phần Lilama 69-3,L63,UPCOM,2016-10-06,,0.0,,2020,4,3,163800000000.0
5579,3109,6.5,6.5,6.5,6.5,2000,0.0,0.0,0,0,0,13000000.0,6.5,0.8,0,Công ty Cổ phần Lilama 69-3,L63,UPCOM,2016-10-06,,0.0,,2020,4,6,225492000000.0
5578,3109,7.4,7.4,7.4,7.4,2000,0.0,0.0,0,0,0,14800000.0,7.4,0.9,0,Công ty Cổ phần Lilama 69-3,L63,UPCOM,2016-10-06,,0.0,,2020,4,7,179903000000.0
5577,3109,7.0,7.0,7.0,7.0,1000,0.0,0.0,0,0,0,7000000.0,7.0,-0.4,0,Công ty Cổ phần Lilama 69-3,L63,UPCOM,2016-10-06,,0.0,,2020,4,8,134337000000.0
5576,3109,7.5,7.5,7.5,7.5,5000,0.0,0.0,0,0,0,37500000.0,7.5,0.5,0,Công ty Cổ phần Lilama 69-3,L63,UPCOM,2016-10-06,,0.0,,2020,4,9,211044000000.0
5575,3109,7.5,7.5,7.5,7.5,0,0.0,0.0,0,0,0,0.0,7.5,0.0,0,Công ty Cổ phần Lilama 69-3,L63,UPCOM,2016-10-06,,0.0,,2020,4,10,177127000000.0
5574,3109,7.5,7.5,7.5,7.5,5000,0.0,0.0,0,0,0,37500000.0,7.5,0.0,0,Công ty Cổ phần Lilama 69-3,L63,UPCOM,2016-10-06,,0.0,,2020,4,13,166535000000.0
5573,3109,7.5,7.5,7.5,7.5,800,0.0,0.0,0,0,0,6000000.0,7.5,0.0,0,Công ty Cổ phần Lilama 69-3,L63,UPCOM,2016-10-06,,0.0,,2020,4,14,225145000000.0
5572,3109,7.5,7.5,7.5,7.5,0,0.0,0.0,0,0,0,0.0,7.5,0.0,0,Công ty Cổ phần Lilama 69-3,L63,UPCOM,2016-10-06,,0.0,,2020,4,15,256499000000.0
5571,3109,7.5,7.5,7.5,7.5,0,0.0,0.0,0,0,0,0.0,7.5,0.0,0,Công ty Cổ phần Lilama 69-3,L63,UPCOM,2016-10-06,,0.0,,2020,4,16,195576000000.0
5570,3109,7.5,7.5,7.5,7.5,0,0.0,0.0,0,0,0,0.0,7.5,0.0,0,Công ty Cổ phần Lilama 69-3,L63,UPCOM,2016-10-06,,0.0,,2020,4,17,321156000000.0
5569,3109,7.5,7.5,7.5,7.5,0,0.0,0.0,0,0,0,0.0,7.5,0.0,0,Công ty Cổ phần Lilama 69-3,L63,UPCOM,2016-10-06,,0.0,,2020,4,20,320937000000.0
5568,3109,7.5,7.5,7.5,7.5,0,0.0,0.0,0,0,0,0.0,7.5,0.0,0,Công ty Cổ phần Lilama 69-3,L63,UPCOM,2016-10-06,,0.0,,2020,4,21,301792000000.0
5567,3109,7.5,7.5,7.5,7.5,0,0.0,0.0,0,0,0,0.0,7.5,0.0,0,Công ty Cổ phần Lilama 69-3,L63,UPCOM,2016-10-06,,0.0,,2020,4,22,197775000000.0
5566,3109,7.5,7.5,7.5,7.5,0,0.0,0.0,0,0,0,0.0,7.5,0.0,0,Công ty Cổ phần Lilama 69-3,L63,UPCOM,2016-10-06,,0.0,,2020,4,23,170335000000.0
5565,3109,7.5,7.5,7.5,7.5,0,0.0,0.0,0,0,0,0.0,7.5,0.0,0,Công ty Cổ phần Lilama 69-3,L63,UPCOM,2016-10-06,,0.0,,2020,4,24,184900000000.0
5564,3109,7.5,7.5,7.5,7.5,0,0.0,0.0,0,0,0,0.0,7.5,0.0,0,Công ty Cổ phần Lilama 69-3,L63,UPCOM,2016-10-06,,0.0,,2020,4,27,183836000000.0
5563,3109,7.5,7.5,7.5,7.5,0,0.0,0.0,0,0,0,0.0,7.5,0.0,0,Công ty Cổ phần Lilama 69-3,L63,UPCOM,2016-10-06,,0.0,,2020,4,28,157131000000.0
5562,3109,7.5,7.5,7.5,7.5,0,0.0,0.0,0,0,0,0.0,7.5,0.0,0,Công ty Cổ phần Lilama 69-3,L63,UPCOM,2016-10-06,,0.0,,2020,4,29,168139000000.0
5561,3109,7.5,7.5,7.5,7.5,0,0.0,0.0,0,0,0,0.0,7.5,0.0,0,Công ty Cổ phần Lilama 69-3,L63,UPCOM,2016-10-06,,0.0,,2020,5,4,142671000000.0
5560,3109,7.5,7.5,7.5,7.5,0,0.0,0.0,0,0,0,0.0,7.5,0.0,0,Công ty Cổ phần Lilama 69-3,L63,UPCOM,2016-10-06,,0.0,,2020,5,5,119957000000.0
5559,3109,7.5,7.5,7.5,7.5,0,0.0,0.0,0,0,0,0.0,7.5,0.0,0,Công ty Cổ phần Lilama 69-3,L63,UPCOM,2016-10-06,,0.0,,2020,5,6,197563000000.0
5558,3109,7.5,7.5,7.5,7.5,0,0.0,0.0,0,0,0,0.0,7.5,0.0,0,Công ty Cổ phần Lilama 69-3,L63,UPCOM,2016-10-06,,0.0,,2020,5,7,213543000000.0
5557,3109,7.5,7.5,7.5,7.5,0,0.0,0.0,0,0,0,0.0,7.5,0.0,0,Công ty Cổ phần Lilama 69-3,L63,UPCOM,2016-10-06,,0.0,,2020,5,8,325625000000.0
5556,3109,7.5,7.5,7.5,7.5,0,0.0,0.0,0,0,0,0.0,7.5,0.0,0,Công ty Cổ phần Lilama 69-3,L63,UPCOM,2016-10-06,,0.0,,2020,5,11,311149000000.0
5555,3109,7.5,7.5,7.5,7.5,0,0.0,0.0,0,0,0,0.0,7.5,0.0,0,Công ty Cổ phần Lilama 69-3,L63,UPCOM,2016-10-06,,0.0,,2020,5,12,254194000000.0
5554,3109,7.5,7.5,7.5,7.5,0,0.0,0.0,0,0,0,0.0,7.5,0.0,0,Công ty Cổ phần Lilama 69-3,L63,UPCOM,2016-10-06,,0.0,,2020,5,14,297707000000.0
5553,3109,7.5,7.5,7.5,7.5,0,0.0,0.0,0,0,0,0.0,7.5,0.0,0,Công ty Cổ phần Lilama 69-3,L63,UPCOM,2016-10-06,,0.0,,2020,5,15,247056000000.0
5552,3109,7.5,7.5,7.5,7.5,0,0.0,0.0,0,0,0,0.0,7.5,0.0,0,Công ty Cổ phần Lilama 69-3,L63,UPCOM,2016-10-06,,0.0,,2020,5,18,215456000000.0
5551,3109,7.5,7.5,7.5,7.5,0,0.0,0.0,0,0,0,0.0,7.5,0.0,0,Công ty Cổ phần Lilama 69-3,L63,UPCOM,2016-10-06,,0.0,,2020,5,19,318559000000.0
5550,3109,7.5,7.5,7.5,7.5,0,0.0,0.0,0,0,0,0.0,7.5,0.0,0,Công ty Cổ phần Lilama 69-3,L63,UPCOM,2016-10-06,,0.0,,2020,5,20,276005000000.0
5549,3109,7.5,7.5,7.5,7.5,0,0.0,0.0,0,0,0,0.0,7.5,0.0,0,Công ty Cổ phần Lilama 69-3,L63,UPCOM,2016-10-06,,0.0,,2020,5,21,215509000000.0
5548,3109,7.5,7.5,7.5,7.5,0,0.0,0.0,0,0,0,0.0,7.5,0.0,0,Công ty Cổ phần Lilama 69-3,L63,UPCOM,2016-10-06,,0.0,,2020,5,22,279507000000.0
5547,3109,7.5,7.5,7.5,7.5,0,0.0,0.0,0,0,0,0.0,7.5,0.0,0,Công ty Cổ phần Lilama 69-3,L63,UPCOM,2016-10-06,,0.0,,2020,5,25,257470000000.0
5546,3109,7.5,7.5,7.5,7.5,0,0.0,0.0,0,0,0,0.0,7.5,0.0,0,Công ty Cổ phần Lilama 69-3,L63,UPCOM,2016-10-06,,0.0,,2020,5,26,264898000000.0
5545,3109,7.5,7.5,7.5,7.5,0,0.0,0.0,0,0,0,0.0,7.5,0.0,0,Công ty Cổ phần Lilama 69-3,L63,UPCOM,2016-10-06,,0.0,,2020,5,27,329407000000.0
5544,3109,7.5,7.5,7.5,7.5,0,0.0,0.0,0,0,0,0.0,7.5,0.0,0,Công ty Cổ phần Lilama 69-3,L63,UPCOM,2016-10-06,,0.0,,2020,5,28,194349000000.0
5543,3109,7.5,7.5,7.5,7.5,0,0.0,0.0,0,0,0,0.0,7.5,0.0,0,Công ty Cổ phần Lilama 69-3,L63,UPCOM,2016-10-06,,0.0,,2020,5,29,272664000000.0
5542,3109,7.5,7.5,7.5,7.5,0,0.0,0.0,0,0,0,0.0,7.5,0.0,0,Công ty Cổ phần Lilama 69-3,L63,UPCOM,2016-10-06,,0.0,,2020,6,1,343153000000.0
5541,3109,7.5,7.5,7.5,7.5,0,0.0,0.0,0,0,0,0.0,7.5,0.0,0,Công ty Cổ phần Lilama 69-3,L63,UPCOM,2016-10-06,,0.0,,2020,6,2,496066000000.0
5540,3109,7.5,7.5,7.5,7.5,0,0.0,0.0,0,0,0,0.0,7.5,0.0,0,Công ty Cổ phần Lilama 69-3,L63,UPCOM,2016-10-06,,0.0,,2020,6,3,385259000000.0
5539,3109,7.5,7.5,7.5,7.5,0,0.0,0.0,0,0,0,0.0,7.5,0.0,0,Công ty Cổ phần Lilama 69-3,L63,UPCOM,2016-10-06,,0.0,,2020,6,4,799036000000.0
5538,3109,7.5,7.5,7.5,7.5,0,0.0,0.0,0,0,0,0.0,7.5,0.0,0,Công ty Cổ phần Lilama 69-3,L63,UPCOM,2016-10-06,,0.0,,2020,6,5,506407000000.0
5537,3109,7.5,7.5,7.5,7.5,0,0.0,0.0,0,0,0,0.0,7.5,0.0,0,Công ty Cổ phần Lilama 69-3,L63,UPCOM,2016-10-06,,0.0,,2020,6,8,523530000000.0
5536,3109,7.5,7.5,7.5,7.5,0,0.0,0.0,0,0,0,0.0,7.5,0.0,0,Công ty Cổ phần Lilama 69-3,L63,UPCOM,2016-10-06,,0.0,,2020,6,9,448218000000.0
5535,3109,7.5,7.5,7.5,7.5,0,0.0,0.0,0,0,0,0.0,7.5,0.0,0,Công ty Cổ phần Lilama 69-3,L63,UPCOM,2016-10-06,,0.0,,2020,6,10,435653000000.0
5534,3109,7.5,7.5,7.5,7.5,0,0.0,0.0,0,0,0,0.0,7.5,0.0,0,Công ty Cổ phần Lilama 69-3,L63,UPCOM,2016-10-06,,0.0,,2020,6,11,623710000000.0
5533,3109,7.5,7.5,7.5,7.5,0,0.0,0.0,0,0,0,0.0,7.5,0.0,0,Công ty Cổ phần Lilama 69-3,L63,UPCOM,2016-10-06,,0.0,,2020,6,12,365549000000.0
5532,3109,7.5,7.5,7.5,7.5,0,0.0,0.0,0,0,0,0.0,7.5,0.0,0,Công ty Cổ phần Lilama 69-3,L63,UPCOM,2016-10-06,,0.0,,2020,6,15,362902000000.0
5531,3109,7.5,7.5,7.5,7.5,0,0.0,0.0,0,0,0,0.0,7.5,0.0,0,Công ty Cổ phần Lilama 69-3,L63,UPCOM,2016-10-06,,0.0,,2020,6,16,251666000000.0
5530,3109,7.5,7.5,7.5,7.5,0,0.0,0.0,0,0,0,0.0,7.5,0.0,0,Công ty Cổ phần Lilama 69-3,L63,UPCOM,2016-10-06,,0.0,,2020,6,17,176720000000.0
5529,3109,7.5,7.5,7.5,7.5,0,0.0,0.0,0,0,0,0.0,7.5,0.0,0,Công ty Cổ phần Lilama 69-3,L63,UPCOM,2016-10-06,,0.0,,2020,6,18,143975000000.0
5528,3109,7.5,7.5,7.5,7.5,0,0.0,0.0,0,0,0,0.0,7.5,0.0,0,Công ty Cổ phần Lilama 69-3,L63,UPCOM,2016-10-06,,0.0,,2020,6,19,312018000000.0
5527,3109,7.5,7.5,7.5,7.5,0,0.0,0.0,0,0,0,0.0,7.5,0.0,0,Công ty Cổ phần Lilama 69-3,L63,UPCOM,2016-10-06,,0.0,,2020,6,22,266478000000.0
5526,3109,7.5,7.5,7.5,7.5,0,0.0,0.0,0,0,0,0.0,7.5,0.0,0,Công ty Cổ phần Lilama 69-3,L63,UPCOM,2016-10-06,,0.0,,2020,6,23,257806000000.0
5525,3109,7.5,7.5,7.5,7.5,0,0.0,0.0,0,0,0,0.0,7.5,0.0,0,Công ty Cổ phần Lilama 69-3,L63,UPCOM,2016-10-06,,0.0,,2020,6,24,260693000000.0
5524,3109,7.5,7.5,7.5,7.5,0,0.0,0.0,0,0,0,0.0,7.5,0.0,0,Công ty Cổ phần Lilama 69-3,L63,UPCOM,2016-10-06,,0.0,,2020,6,25,171682000000.0
5523,3109,7.5,7.5,7.5,7.5,0,0.0,0.0,0,0,0,0.0,7.5,0.0,0,Công ty Cổ phần Lilama 69-3,L63,UPCOM,2016-10-06,,0.0,,2020,6,26,211404000000.0
5522,3109,7.5,7.5,7.5,7.5,0,0.0,0.0,0,0,0,0.0,7.5,0.0,0,Công ty Cổ phần Lilama 69-3,L63,UPCOM,2016-10-06,,0.0,,2020,6,29,272580000000.0
5521,3109,7.5,7.5,7.5,7.5,0,0.0,0.0,0,0,0,0.0,7.5,0.0,0,Công ty Cổ phần Lilama 69-3,L63,UPCOM,2016-10-06,,0.0,,2020,6,30,193644000000.0
5520,3109,7.5,7.5,7.5,7.5,0,0.0,0.0,0,0,0,0.0,7.5,0.0,0,Công ty Cổ phần Lilama 69-3,L63,UPCOM,2016-10-06,,0.0,,2020,7,1,211209000000.0
5519,3109,7.5,7.5,7.5,7.5,0,0.0,0.0,0,0,0,0.0,7.5,0.0,0,Công ty Cổ phần Lilama 69-3,L63,UPCOM,2016-10-06,,0.0,,2020,7,2,156418000000.0
5518,3109,7.5,7.5,7.5,7.5,0,0.0,0.0,0,0,0,0.0,7.5,0.0,0,Công ty Cổ phần Lilama 69-3,L63,UPCOM,2016-10-06,,0.0,,2020,7,3,123492000000.0
5517,3109,7.5,7.5,7.5,7.5,0,0.0,0.0,0,0,0,0.0,7.5,0.0,0,Công ty Cổ phần Lilama 69-3,L63,UPCOM,2016-10-06,,0.0,,2020,7,6,181343000000.0
5516,3109,7.5,7.5,7.5,7.5,0,0.0,0.0,0,0,0,0.0,7.5,0.0,0,Công ty Cổ phần Lilama 69-3,L63,UPCOM,2016-10-06,,0.0,,2020,7,7,174444000000.0
5515,3109,7.5,7.5,7.5,7.5,0,0.0,0.0,0,0,0,0.0,7.5,0.0,0,Công ty Cổ phần Lilama 69-3,L63,UPCOM,2016-10-06,,0.0,,2020,7,8,208074000000.0
5514,3109,7.5,7.5,7.5,7.5,0,0.0,0.0,0,0,0,0.0,7.5,0.0,0,Công ty Cổ phần Lilama 69-3,L63,UPCOM,2016-10-06,,0.0,,2020,7,9,292168000000.0
5513,3109,7.5,7.5,7.5,7.5,0,0.0,0.0,0,0,0,0.0,7.5,0.0,0,Công ty Cổ phần Lilama 69-3,L63,UPCOM,2016-10-06,,0.0,,2020,7,10,227505000000.0
5512,3109,7.5,7.5,7.5,7.5,0,0.0,0.0,0,0,0,0.0,7.5,0.0,0,Công ty Cổ phần Lilama 69-3,L63,UPCOM,2016-10-06,,0.0,,2020,7,13,184053000000.0
5511,3109,7.5,7.5,7.5,7.5,0,0.0,0.0,0,0,0,0.0,7.5,0.0,0,Công ty Cổ phần Lilama 69-3,L63,UPCOM,2016-10-06,,0.0,,2020,7,14,182104000000.0
5510,3109,7.5,7.5,7.5,7.5,0,0.0,0.0,0,0,0,0.0,7.5,0.0,0,Công ty Cổ phần Lilama 69-3,L63,UPCOM,2016-10-06,,0.0,,2020,7,15,192932000000.0
5509,3109,7.5,7.5,7.5,7.5,0,0.0,0.0,0,0,0,0.0,7.5,0.0,0,Công ty Cổ phần Lilama 69-3,L63,UPCOM,2016-10-06,,0.0,,2020,7,16,158959000000.0
5508,3109,7.5,7.5,7.5,7.5,0,0.0,0.0,0,0,0,0.0,7.5,0.0,0,Công ty Cổ phần Lilama 69-3,L63,UPCOM,2016-10-06,,0.0,,2020,7,17,266052000000.0
5507,3109,7.5,7.5,7.5,7.5,0,0.0,0.0,0,0,0,0.0,7.5,0.0,0,Công ty Cổ phần Lilama 69-3,L63,UPCOM,2016-10-06,,0.0,,2020,7,20,199718000000.0
5506,3109,7.5,7.5,7.5,7.5,0,0.0,0.0,0,0,0,0.0,7.5,0.0,0,Công ty Cổ phần Lilama 69-3,L63,UPCOM,2016-10-06,,0.0,,2020,7,21,205355000000.0
5505,3109,7.5,7.5,7.5,7.5,0,0.0,0.0,0,0,0,0.0,7.5,0.0,0,Công ty Cổ phần Lilama 69-3,L63,UPCOM,2016-10-06,,0.0,,2020,7,22,330872000000.0
5504,3109,7.5,7.5,7.5,7.5,0,0.0,0.0,0,0,0,0.0,7.5,0.0,0,Công ty Cổ phần Lilama 69-3,L63,UPCOM,2016-10-06,,0.0,,2020,7,23,187719000000.0
5503,3109,7.5,7.5,7.5,7.5,0,0.0,0.0,0,0,0,0.0,7.5,0.0,0,Công ty Cổ phần Lilama 69-3,L63,UPCOM,2016-10-06,,0.0,,2020,7,24,412958000000.0
5502,3109,7.5,7.5,7.5,7.5,0,0.0,0.0,0,0,0,0.0,7.5,0.0,0,Công ty Cổ phần Lilama 69-3,L63,UPCOM,2016-10-06,,0.0,,2020,7,27,515240000000.0
5501,3109,7.5,7.5,7.5,7.5,0,0.0,0.0,0,0,0,0.0,7.5,0.0,0,Công ty Cổ phần Lilama 69-3,L63,UPCOM,2016-10-06,,0.0,,2020,7,28,264737000000.0
session_id,stock_id,open_price,close_price,high_price,low_price,volume_detail,ceiling_price,floor_price,buy_volume,sell_volume,net_volume,matched_value,adjust_price,change_percent,outstanding_share,name,code,stock_space,join_date,leave_date,init_price,category,year,month,day_of_month,volume_session
5725,3109,8.0,8.0,8.0,8.0,0,0.0,0.0,0,0,0,0.0,8.0,0.0,0,Công ty Cổ phần Lilama 69-3,L63,UPCOM,2016-10-06,,0.0,,2019,9,3,246496000000.0
5724,3109,8.0,8.0,8.0,8.0,0,0.0,0.0,0,0,0,0.0,8.0,0.0,0,Công ty Cổ phần Lilama 69-3,L63,UPCOM,2016-10-06,,0.0,,2019,9,4,234912000000.0
5723,3109,8.0,8.0,8.0,8.0,0,0.0,0.0,0,0,0,0.0,8.0,0.0,0,Công ty Cổ phần Lilama 69-3,L63,UPCOM,2016-10-06,,0.0,,2019,9,5,171111000000.0
5722,3109,8.0,8.0,8.0,8.0,0,0.0,0.0,0,0,0,0.0,8.0,0.0,0,Công ty Cổ phần Lilama 69-3,L63,UPCOM,2016-10-06,,0.0,,2019,9,6,175185000000.0
5721,3109,8.0,8.0,8.0,8.0,3700,0.0,0.0,0,0,0,29600000.0,8.0,0.0,0,Công ty Cổ phần Lilama 69-3,L63,UPCOM,2016-10-06,,0.0,,2019,9,9,185569000000.0
5720,3109,8.0,8.0,8.0,8.0,0,0.0,0.0,0,0,0,0.0,8.0,0.0,0,Công ty Cổ phần Lilama 69-3,L63,UPCOM,2016-10-06,,0.0,,2019,9,10,280748000000.0
5719,3109,8.0,8.0,8.0,8.0,0,0.0,0.0,0,0,0,0.0,8.0,0.0,0,Công ty Cổ phần Lilama 69-3,L63,UPCOM,2016-10-06,,0.0,,2019,9,11,171227000000.0
5718,3109,8.0,8.0,8.0,8.0,0,0.0,0.0,0,0,0,0.0,8.0,0.0,0,Công ty Cổ phần Lilama 69-3,L63,UPCOM,2016-10-06,,0.0,,2019,9,12,148822000000.0
5717,3109,8.0,8.0,8.0,8.0,0,0.0,0.0,0,0,0,0.0,8.0,0.0,0,Công ty Cổ phần Lilama 69-3,L63,UPCOM,2016-10-06,,0.0,,2019,9,13,157506000000.0
5716,3109,8.0,8.0,8.0,8.0,0,0.0,0.0,0,0,0,0.0,8.0,0.0,0,Công ty Cổ phần Lilama 69-3,L63,UPCOM,2016-10-06,,0.0,,2019,9,16,181361000000.0
5715,3109,8.0,8.0,8.0,8.0,0,0.0,0.0,0,0,0,0.0,8.0,0.0,0,Công ty Cổ phần Lilama 69-3,L63,UPCOM,2016-10-06,,0.0,,2019,9,17,150281000000.0
5714,3109,8.0,8.0,8.0,8.0,0,0.0,0.0,0,0,0,0.0,8.0,0.0,0,Công ty Cổ phần Lilama 69-3,L63,UPCOM,2016-10-06,,0.0,,2019,9,18,178523000000.0
5713,3109,8.0,8.0,8.0,8.0,0,0.0,0.0,0,0,0,0.0,8.0,0.0,0,Công ty Cổ phần Lilama 69-3,L63,UPCOM,2016-10-06,,0.0,,2019,9,19,155752000000.0
5712,3109,8.0,8.0,8.0,8.0,0,0.0,0.0,0,0,0,0.0,8.0,0.0,0,Công ty Cổ phần Lilama 69-3,L63,UPCOM,2016-10-06,,0.0,,2019,9,20,137939000000.0
5711,3109,8.0,8.0,8.0,8.0,0,0.0,0.0,0,0,0,0.0,8.0,0.0,0,Công ty Cổ phần Lilama 69-3,L63,UPCOM,2016-10-06,,0.0,,2019,9,23,152972000000.0
5710,3109,8.0,8.0,8.0,8.0,0,0.0,0.0,0,0,0,0.0,8.0,0.0,0,Công ty Cổ phần Lilama 69-3,L63,UPCOM,2016-10-06,,0.0,,2019,9,24,162837000000.0
5709,3109,8.0,8.0,8.0,8.0,0,0.0,0.0,0,0,0,0.0,8.0,0.0,0,Công ty Cổ phần Lilama 69-3,L63,UPCOM,2016-10-06,,0.0,,2019,9,25,130739000000.0
5708,3109,8.0,8.0,8.0,8.0,0,0.0,0.0,0,0,0,0.0,8.0,0.0,0,Công ty Cổ phần Lilama 69-3,L63,UPCOM,2016-10-06,,0.0,,2019,9,26,204265000000.0
5707,3109,8.0,8.0,8.0,8.0,0,0.0,0.0,0,0,0,0.0,8.0,0.0,0,Công ty Cổ phần Lilama 69-3,L63,UPCOM,2016-10-06,,0.0,,2019,9,27,152734000000.0
5706,3109,8.0,8.0,8.0,8.0,0,0.0,0.0,0,0,0,0.0,8.0,0.0,0,Công ty Cổ phần Lilama 69-3,L63,UPCOM,2016-10-06,,0.0,,2019,9,30,206491000000.0
5705,3109,8.0,8.0,8.0,8.0,0,0.0,0.0,0,0,0,0.0,8.0,0.0,0,Công ty Cổ phần Lilama 69-3,L63,UPCOM,2016-10-06,,0.0,,2019,10,1,197448000000.0
5704,3109,8.0,8.0,8.0,8.0,0,0.0,0.0,0,0,0,0.0,8.0,0.0,0,Công ty Cổ phần Lilama 69-3,L63,UPCOM,2016-10-06,,0.0,,2019,10,2,211615000000.0
5703,3109,8.0,8.0,8.0,8.0,0,0.0,0.0,0,0,0,0.0,8.0,0.0,0,Công ty Cổ phần Lilama 69-3,L63,UPCOM,2016-10-06,,0.0,,2019,10,3,159205000000.0
5702,3109,8.0,8.0,8.0,8.0,0,0.0,0.0,0,0,0,0.0,8.0,0.0,0,Công ty Cổ phần Lilama 69-3,L63,UPCOM,2016-10-06,,0.0,,2019,10,4,141785000000.0
5701,3109,8.0,8.0,8.0,8.0,0,0.0,0.0,0,0,0,0.0,8.0,0.0,0,Công ty Cổ phần Lilama 69-3,L63,UPCOM,2016-10-06,,0.0,,2019,10,7,132394000000.0
5700,3109,8.0,8.0,8.0,8.0,0,0.0,0.0,0,0,0,0.0,8.0,0.0,0,Công ty Cổ phần Lilama 69-3,L63,UPCOM,2016-10-06,,0.0,,2019,10,8,170156000000.0
5699,3109,8.0,8.0,8.0,8.0,0,0.0,0.0,0,0,0,0.0,8.0,0.0,0,Công ty Cổ phần Lilama 69-3,L63,UPCOM,2016-10-06,,0.0,,2019,10,9,204657000000.0
5698,3109,8.0,8.0,8.0,8.0,0,0.0,0.0,0,0,0,0.0,8.0,0.0,0,Công ty Cổ phần Lilama 69-3,L63,UPCOM,2016-10-06,,0.0,,2019,10,10,140002000000.0
5697,3109,8.0,8.0,8.0,8.0,0,0.0,0.0,0,0,0,0.0,8.0,0.0,0,Công ty Cổ phần Lilama 69-3,L63,UPCOM,2016-10-06,,0.0,,2019,10,11,160410000000.0
5696,3109,8.0,8.0,8.0,8.0,0,0.0,0.0,0,0,0,0.0,8.0,0.0,0,Công ty Cổ phần Lilama 69-3,L63,UPCOM,2016-10-06,,0.0,,2019,10,14,216967000000.0
5695,3109,8.0,8.0,8.0,8.0,0,0.0,0.0,0,0,0,0.0,8.0,0.0,0,Công ty Cổ phần Lilama 69-3,L63,UPCOM,2016-10-06,,0.0,,2019,10,15,202960000000.0
5694,3109,8.0,8.0,8.0,8.0,0,0.0,0.0,0,0,0,0.0,8.0,0.0,0,Công ty Cổ phần Lilama 69-3,L63,UPCOM,2016-10-06,,0.0,,2019,10,16,256226000000.0
5693,3109,8.0,8.0,8.0,8.0,0,0.0,0.0,0,0,0,0.0,8.0,0.0,0,Công ty Cổ phần Lilama 69-3,L63,UPCOM,2016-10-06,,0.0,,2019,10,17,157953000000.0
5692,3109,8.0,8.0,8.0,8.0,0,0.0,0.0,0,0,0,0.0,8.0,0.0,0,Công ty Cổ phần Lilama 69-3,L63,UPCOM,2016-10-06,,0.0,,2019,10,18,121201000000.0
5691,3109,8.0,8.0,8.0,8.0,0,0.0,0.0,0,0,0,0.0,8.0,0.0,0,Công ty Cổ phần Lilama 69-3,L63,UPCOM,2016-10-06,,0.0,,2019,10,21,166615000000.0
5690,3109,8.0,8.0,8.0,8.0,0,0.0,0.0,0,0,0,0.0,8.0,0.0,0,Công ty Cổ phần Lilama 69-3,L63,UPCOM,2016-10-06,,0.0,,2019,10,22,139541000000.0
5689,3109,8.0,8.0,8.0,8.0,0,0.0,0.0,0,0,0,0.0,8.0,0.0,0,Công ty Cổ phần Lilama 69-3,L63,UPCOM,2016-10-06,,0.0,,2019,10,23,137146000000.0
5688,3109,8.0,8.0,8.0,8.0,0,0.0,0.0,0,0,0,0.0,8.0,0.0,0,Công ty Cổ phần Lilama 69-3,L63,UPCOM,2016-10-06,,0.0,,2019,10,24,179847000000.0
5687,3109,8.0,8.0,8.0,8.0,0,0.0,0.0,0,0,0,0.0,8.0,0.0,0,Công ty Cổ phần Lilama 69-3,L63,UPCOM,2016-10-06,,0.0,,2019,10,25,202300000000.0
5686,3109,8.0,8.0,8.0,8.0,0,0.0,0.0,0,0,0,0.0,8.0,0.0,0,Công ty Cổ phần Lilama 69-3,L63,UPCOM,2016-10-06,,0.0,,2019,10,28,127836000000.0
5685,3109,8.0,8.0,8.0,8.0,0,0.0,0.0,0,0,0,0.0,8.0,0.0,0,Công ty Cổ phần Lilama 69-3,L63,UPCOM,2016-10-06,,0.0,,2019,10,29,134546000000.0
5684,3109,8.0,8.0,8.0,8.0,0,0.0,0.0,0,0,0,0.0,8.0,0.0,0,Công ty Cổ phần Lilama 69-3,L63,UPCOM,2016-10-06,,0.0,,2019,10,30,170030000000.0
5683,3109,8.0,8.0,8.0,8.0,0,0.0,0.0,0,0,0,0.0,8.0,0.0,0,Công ty Cổ phần Lilama 69-3,L63,UPCOM,2016-10-06,,0.0,,2019,10,31,212540000000.0
5682,3109,8.0,8.0,8.0,8.0,0,0.0,0.0,0,0,0,0.0,8.0,0.0,0,Công ty Cổ phần Lilama 69-3,L63,UPCOM,2016-10-06,,0.0,,2019,11,1,135879000000.0
5681,3109,8.0,8.0,8.0,8.0,0,0.0,0.0,0,0,0,0.0,8.0,0.0,0,Công ty Cổ phần Lilama 69-3,L63,UPCOM,2016-10-06,,0.0,,2019,11,4,195811000000.0
5680,3109,8.0,8.0,8.0,8.0,0,0.0,0.0,0,0,0,0.0,8.0,0.0,0,Công ty Cổ phần Lilama 69-3,L63,UPCOM,2016-10-06,,0.0,,2019,11,5,157727000000.0
5679,3109,8.0,8.0,8.0,8.0,0,0.0,0.0,0,0,0,0.0,8.0,0.0,0,Công ty Cổ phần Lilama 69-3,L63,UPCOM,2016-10-06,,0.0,,2019,11,6,170441000000.0
5678,3109,8.0,8.0,8.0,8.0,0,0.0,0.0,0,0,0,0.0,8.0,0.0,0,Công ty Cổ phần Lilama 69-3,L63,UPCOM,2016-10-06,,0.0,,2019,11,7,145030000000.0
5677,3109,8.0,8.0,8.0,8.0,0,0.0,0.0,0,0,0,0.0,8.0,0.0,0,Công ty Cổ phần Lilama 69-3,L63,UPCOM,2016-10-06,,0.0,,2019,11,8,114161000000.0
5676,3109,8.0,8.0,8.0,8.0,0,0.0,0.0,0,0,0,0.0,8.0,0.0,0,Công ty Cổ phần Lilama 69-3,L63,UPCOM,2016-10-06,,0.0,,2019,11,11,123227000000.0
5675,3109,8.0,8.0,8.0,8.0,0,0.0,0.0,0,0,0,0.0,8.0,0.0,0,Công ty Cổ phần Lilama 69-3,L63,UPCOM,2016-10-06,,0.0,,2019,11,12,143602000000.0
5674,3109,8.0,8.0,8.0,8.0,0,0.0,0.0,0,0,0,0.0,8.0,0.0,0,Công ty Cổ phần Lilama 69-3,L63,UPCOM,2016-10-06,,0.0,,2019,11,13,137413000000.0
5673,3109,8.0,8.0,8.0,8.0,0,0.0,0.0,0,0,0,0.0,8.0,0.0,0,Công ty Cổ phần Lilama 69-3,L63,UPCOM,2016-10-06,,0.0,,2019,11,14,169634000000.0
5672,3109,8.0,8.0,8.0,8.0,0,0.0,0.0,0,0,0,0.0,8.0,0.0,0,Công ty Cổ phần Lilama 69-3,L63,UPCOM,2016-10-06,,0.0,,2019,11,15,147513000000.0
5671,3109,8.0,8.0,8.0,8.0,0,0.0,0.0,0,0,0,0.0,8.0,0.0,0,Công ty Cổ phần Lilama 69-3,L63,UPCOM,2016-10-06,,0.0,,2019,11,18,120628000000.0
5670,3109,8.0,8.0,8.0,8.0,0,0.0,0.0,0,0,0,0.0,8.0,0.0,0,Công ty Cổ phần Lilama 69-3,L63,UPCOM,2016-10-06,,0.0,,2019,11,19,125441000000.0
5669,3109,8.0,8.0,8.0,8.0,0,0.0,0.0,0,0,0,0.0,8.0,0.0,0,Công ty Cổ phần Lilama 69-3,L63,UPCOM,2016-10-06,,0.0,,2019,11,20,103856000000.0
5668,3109,8.0,8.0,8.0,8.0,0,0.0,0.0,0,0,0,0.0,8.0,0.0,0,Công ty Cổ phần Lilama 69-3,L63,UPCOM,2016-10-06,,0.0,,2019,11,21,114300000000.0
5667,3109,8.0,8.0,8.0,8.0,0,0.0,0.0,0,0,0,0.0,8.0,0.0,0,Công ty Cổ phần Lilama 69-3,L63,UPCOM,2016-10-06,,0.0,,2019,11,22,155943000000.0
5666,3109,8.0,8.0,8.0,8.0,0,0.0,0.0,0,0,0,0.0,8.0,0.0,0,Công ty Cổ phần Lilama 69-3,L63,UPCOM,2016-10-06,,0.0,,2019,11,25,106742000000.0
5665,3109,8.0,8.0,8.0,8.0,0,0.0,0.0,0,0,0,0.0,8.0,0.0,0,Công ty Cổ phần Lilama 69-3,L63,UPCOM,2016-10-06,,0.0,,2019,11,26,116664000000.0
5664,3109,8.0,8.0,8.0,8.0,0,0.0,0.0,0,0,0,0.0,8.0,0.0,0,Công ty Cổ phần Lilama 69-3,L63,UPCOM,2016-10-06,,0.0,,2019,11,27,124388000000.0
5663,3109,8.0,8.0,8.0,8.0,0,0.0,0.0,0,0,0,0.0,8.0,0.0,0,Công ty Cổ phần Lilama 69-3,L63,UPCOM,2016-10-06,,0.0,,2019,11,28,140488000000.0
5662,3109,8.0,8.0,8.0,8.0,0,0.0,0.0,0,0,0,0.0,8.0,0.0,0,Công ty Cổ phần Lilama 69-3,L63,UPCOM,2016-10-06,,0.0,,2019,11,29,98374500000.0
5661,3109,8.0,8.0,8.0,8.0,0,0.0,0.0,0,0,0,0.0,8.0,0.0,0,Công ty Cổ phần Lilama 69-3,L63,UPCOM,2016-10-06,,0.0,,2019,12,2,164658000000.0
5660,3109,8.0,8.0,8.0,8.0,0,0.0,0.0,0,0,0,0.0,8.0,0.0,0,Công ty Cổ phần Lilama 69-3,L63,UPCOM,2016-10-06,,0.0,,2019,12,3,160512000000.0
5659,3109,8.0,8.0,8.0,8.0,0,0.0,0.0,0,0,0,0.0,8.0,0.0,0,Công ty Cổ phần Lilama 69-3,L63,UPCOM,2016-10-06,,0.0,,2019,12,4,142836000000.0
5658,3109,8.0,8.0,8.0,8.0,0,0.0,0.0,0,0,0,0.0,8.0,0.0,0,Công ty Cổ phần Lilama 69-3,L63,UPCOM,2016-10-06,,0.0,,2019,12,5,115775000000.0
5657,3109,8.0,8.0,8.0,8.0,0,0.0,0.0,0,0,0,0.0,8.0,0.0,0,Công ty Cổ phần Lilama 69-3,L63,UPCOM,2016-10-06,,0.0,,2019,12,6,81205900000.0
5656,3109,8.0,8.0,8.0,8.0,0,0.0,0.0,0,0,0,0.0,8.0,0.0,0,Công ty Cổ phần Lilama 69-3,L63,UPCOM,2016-10-06,,0.0,,2019,12,9,86610100000.0
5655,3109,8.0,8.0,8.0,8.0,0,0.0,0.0,0,0,0,0.0,8.0,0.0,0,Công ty Cổ phần Lilama 69-3,L63,UPCOM,2016-10-06,,0.0,,2019,12,10,116924000000.0
5654,3109,8.0,8.0,8.0,8.0,0,0.0,0.0,0,0,0,0.0,8.0,0.0,0,Công ty Cổ phần Lilama 69-3,L63,UPCOM,2016-10-06,,0.0,,2019,12,11,152797000000.0
5653,3109,8.0,8.0,8.0,8.0,0,0.0,0.0,0,0,0,0.0,8.0,0.0,0,Công ty Cổ phần Lilama 69-3,L63,UPCOM,2016-10-06,,0.0,,2019,12,12,111327000000.0
5652,3109,8.0,8.0,8.0,8.0,0,0.0,0.0,0,0,0,0.0,8.0,0.0,0,Công ty Cổ phần Lilama 69-3,L63,UPCOM,2016-10-06,,0.0,,2019,12,13,127741000000.0
5651,3109,8.0,8.0,8.0,8.0,0,0.0,0.0,0,0,0,0.0,8.0,0.0,0,Công ty Cổ phần Lilama 69-3,L63,UPCOM,2016-10-06,,0.0,,2019,12,16,105053000000.0
5650,3109,8.0,8.0,8.0,8.0,0,0.0,0.0,0,0,0,0.0,8.0,0.0,0,Công ty Cổ phần Lilama 69-3,L63,UPCOM,2016-10-06,,0.0,,2019,12,17,100810000000.0
5649,3109,8.0,8.0,8.0,8.0,0,0.0,0.0,0,0,0,0.0,8.0,0.0,0,Công ty Cổ phần Lilama 69-3,L63,UPCOM,2016-10-06,,0.0,,2019,12,18,93064200000.0
5648,3109,8.0,8.0,8.0,8.0,0,0.0,0.0,0,0,0,0.0,8.0,0.0,0,Công ty Cổ phần Lilama 69-3,L63,UPCOM,2016-10-06,,0.0,,2019,12,19,100965000000.0
5647,3109,8.0,8.0,8.0,8.0,0,0.0,0.0,0,0,0,0.0,8.0,0.0,0,Công ty Cổ phần Lilama 69-3,L63,UPCOM,2016-10-06,,0.0,,2019,12,20,78425700000.0
5646,3109,8.0,8.0,8.0,8.0,0,0.0,0.0,0,0,0,0.0,8.0,0.0,0,Công ty Cổ phần Lilama 69-3,L63,UPCOM,2016-10-06,,0.0,,2019,12,23,122692000000.0
5645,3109,8.0,8.0,8.0,8.0,0,0.0,0.0,0,0,0,0.0,8.0,0.0,0,Công ty Cổ phần Lilama 69-3,L63,UPCOM,2016-10-06,,0.0,,2019,12,24,112011000000.0
5644,3109,8.0,8.0,8.0,8.0,0,0.0,0.0,0,0,0,0.0,8.0,0.0,0,Công ty Cổ phần Lilama 69-3,L63,UPCOM,2016-10-06,,0.0,,2019,12,25,100059000000.0
5643,3109,8.0,8.0,8.0,8.0,0,0.0,0.0,0,0,0,0.0,8.0,0.0,0,Công ty Cổ phần Lilama 69-3,L63,UPCOM,2016-10-06,,0.0,,2019,12,26,152934000000.0
5642,3109,8.0,8.0,8.0,8.0,0,0.0,0.0,0,0,0,0.0,8.0,0.0,0,Công ty Cổ phần Lilama 69-3,L63,UPCOM,2016-10-06,,0.0,,2019,12,27,97877100000.0
5641,3109,8.0,8.0,8.0,8.0,0,0.0,0.0,0,0,0,0.0,8.0,0.0,0,Công ty Cổ phần Lilama 69-3,L63,UPCOM,2016-10-06,,0.0,,2019,12,30,97661300000.0
5640,3109,8.0,8.0,8.0,8.0,0,0.0,0.0,0,0,0,0.0,8.0,0.0,0,Công ty Cổ phần Lilama 69-3,L63,UPCOM,2016-10-06,,0.0,,2019,12,31,108878000000.0
5639,3109,8.0,8.0,8.0,8.0,0,0.0,0.0,0,0,0,0.0,8.0,0.0,0,Công ty Cổ phần Lilama 69-3,L63,UPCOM,2016-10-06,,0.0,,2020,1,2,102635000000.0
5638,3109,8.0,8.0,8.0,8.0,0,0.0,0.0,0,0,0,0.0,8.0,0.0,0,Công ty Cổ phần Lilama 69-3,L63,UPCOM,2016-10-06,,0.0,,2020,1,3,110096000000.0
5637,3109,8.0,8.0,8.0,8.0,0,0.0,0.0,0,0,0,0.0,8.0,0.0,0,Công ty Cổ phần Lilama 69-3,L63,UPCOM,2016-10-06,,0.0,,2020,1,6,126274000000.0
5636,3109,8.0,8.0,8.0,8.0,0,0.0,0.0,0,0,0,0.0,8.0,0.0,0,Công ty Cổ phần Lilama 69-3,L63,UPCOM,2016-10-06,,0.0,,2020,1,7,86628300000.0
5635,3109,8.0,8.0,8.0,8.0,0,0.0,0.0,0,0,0,0.0,8.0,0.0,0,Công ty Cổ phần Lilama 69-3,L63,UPCOM,2016-10-06,,0.0,,2020,1,8,121036000000.0
5634,3109,8.0,8.0,8.0,8.0,0,0.0,0.0,0,0,0,0.0,8.0,0.0,0,Công ty Cổ phần Lilama 69-3,L63,UPCOM,2016-10-06,,0.0,,2020,1,9,120597000000.0
5633,3109,8.0,8.0,8.0,8.0,0,0.0,0.0,0,0,0,0.0,8.0,0.0,0,Công ty Cổ phần Lilama 69-3,L63,UPCOM,2016-10-06,,0.0,,2020,1,10,110506000000.0
5632,3109,8.0,8.0,8.0,8.0,0,0.0,0.0,0,0,0,0.0,8.0,0.0,0,Công ty Cổ phần Lilama 69-3,L63,UPCOM,2016-10-06,,0.0,,2020,1,13,112982000000.0
5631,3109,8.0,8.0,8.0,8.0,0,0.0,0.0,0,0,0,0.0,8.0,0.0,0,Công ty Cổ phần Lilama 69-3,L63,UPCOM,2016-10-06,,0.0,,2020,1,14,111799000000.0
5630,3109,8.0,8.0,8.0,8.0,0,0.0,0.0,0,0,0,0.0,8.0,0.0,0,Công ty Cổ phần Lilama 69-3,L63,UPCOM,2016-10-06,,0.0,,2020,1,15,77390800000.0
5629,3109,8.0,8.0,8.0,8.0,0,0.0,0.0,0,0,0,0.0,8.0,0.0,0,Công ty Cổ phần Lilama 69-3,L63,UPCOM,2016-10-06,,0.0,,2020,1,16,109398000000.0
5628,3109,8.0,8.0,8.0,8.0,0,0.0,0.0,0,0,0,0.0,8.0,0.0,0,Công ty Cổ phần Lilama 69-3,L63,UPCOM,2016-10-06,,0.0,,2020,1,17,115179000000.0
5627,3109,8.0,8.0,8.0,8.0,0,0.0,0.0,0,0,0,0.0,8.0,0.0,0,Công ty Cổ phần Lilama 69-3,L63,UPCOM,2016-10-06,,0.0,,2020,1,20,112862000000.0
5626,3109,8.0,8.0,8.0,8.0,0,0.0,0.0,0,0,0,0.0,8.0,0.0,0,Công ty Cổ phần Lilama 69-3,L63,UPCOM,2016-10-06,,0.0,,2020,1,21,220235000000.0
5625,3109,8.0,8.0,8.0,8.0,0,0.0,0.0,0,0,0,0.0,8.0,0.0,0,Công ty Cổ phần Lilama 69-3,L63,UPCOM,2016-10-06,,0.0,,2020,1,22,126300000000.0
5624,3109,8.0,8.0,8.0,8.0,0,0.0,0.0,0,0,0,0.0,8.0,0.0,0,Công ty Cổ phần Lilama 69-3,L63,UPCOM,2016-10-06,,0.0,,2020,1,30,146164000000.0
5623,3109,8.0,8.0,8.0,8.0,0,0.0,0.0,0,0,0,0.0,8.0,0.0,0,Công ty Cổ phần Lilama 69-3,L63,UPCOM,2016-10-06,,0.0,,2020,1,31,171250000000.0
5622,3109,8.0,8.0,8.0,8.0,0,0.0,0.0,0,0,0,0.0,8.0,0.0,0,Công ty Cổ phần Lilama 69-3,L63,UPCOM,2016-10-06,,0.0,,2020,2,3,208236000000.0
5621,3109,8.0,8.0,8.0,8.0,0,0.0,0.0,0,0,0,0.0,8.0,0.0,0,Công ty Cổ phần Lilama 69-3,L63,UPCOM,2016-10-06,,0.0,,2020,2,4,147531000000.0
5620,3109,8.0,8.0,8.0,8.0,0,0.0,0.0,0,0,0,0.0,8.0,0.0,0,Công ty Cổ phần Lilama 69-3,L63,UPCOM,2016-10-06,,0.0,,2020,2,5,158663000000.0
5619,3109,8.0,8.0,8.0,8.0,0,0.0,0.0,0,0,0,0.0,8.0,0.0,0,Công ty Cổ phần Lilama 69-3,L63,UPCOM,2016-10-06,,0.0,,2020,2,6,181858000000.0
5618,3109,8.0,8.0,8.0,8.0,0,0.0,0.0,0,0,0,0.0,8.0,0.0,0,Công ty Cổ phần Lilama 69-3,L63,UPCOM,2016-10-06,,0.0,,2020,2,7,114429000000.0
5617,3109,8.0,8.0,8.0,8.0,0,0.0,0.0,0,0,0,0.0,8.0,0.0,0,Công ty Cổ phần Lilama 69-3,L63,UPCOM,2016-10-06,,0.0,,2020,2,10,126113000000.0
5616,3109,8.0,8.0,8.0,8.0,0,0.0,0.0,0,0,0,0.0,8.0,0.0,0,Công ty Cổ phần Lilama 69-3,L63,UPCOM,2016-10-06,,0.0,,2020,2,11,152628000000.0
5615,3109,8.0,8.0,8.0,8.0,0,0.0,0.0,0,0,0,0.0,8.0,0.0,0,Công ty Cổ phần Lilama 69-3,L63,UPCOM,2016-10-06,,0.0,,2020,2,12,158762000000.0
5614,3109,8.0,8.0,8.0,8.0,0,0.0,0.0,0,0,0,0.0,8.0,0.0,0,Công ty Cổ phần Lilama 69-3,L63,UPCOM,2016-10-06,,0.0,,2020,2,13,216887000000.0
5613,3109,8.0,8.0,8.0,8.0,0,0.0,0.0,0,0,0,0.0,8.0,0.0,0,Công ty Cổ phần Lilama 69-3,L63,UPCOM,2016-10-06,,0.0,,2020,2,14,154847000000.0
session_id,stock_id,open_price,close_price,high_price,low_price,volume_detail,ceiling_price,floor_price,buy_volume,sell_volume,net_volume,matched_value,adjust_price,change_percent,outstanding_share,name,code,stock_space,join_date,leave_date,init_price,category,year,month,day_of_month,volume_session
5842,3109,8.5,8.5,8.5,8.5,0,0.0,0.0,0,0,0,0.0,8.5,0.0,0,Công ty Cổ phần Lilama 69-3,L63,UPCOM,2016-10-06,,0.0,,2019,3,15,229714000000.0
5841,3109,8.5,8.5,8.5,8.5,0,0.0,0.0,0,0,0,0.0,8.5,0.0,0,Công ty Cổ phần Lilama 69-3,L63,UPCOM,2016-10-06,,0.0,,2019,3,18,374138000000.0
5840,3109,7.4,7.4,7.4,7.4,10800,0.0,0.0,0,0,0,79920000.0,7.4,-1.1,0,Công ty Cổ phần Lilama 69-3,L63,UPCOM,2016-10-06,,0.0,,2019,3,19,324743000000.0
5839,3109,7.4,7.4,7.4,7.4,0,0.0,0.0,0,0,0,0.0,7.4,0.0,0,Công ty Cổ phần Lilama 69-3,L63,UPCOM,2016-10-06,,0.0,,2019,3,20,241985000000.0
5838,3109,7.4,7.4,7.4,7.4,0,0.0,0.0,0,0,0,0.0,7.4,0.0,0,Công ty Cổ phần Lilama 69-3,L63,UPCOM,2016-10-06,,0.0,,2019,3,21,394625000000.0
5837,3109,7.4,7.4,7.4,7.4,0,0.0,0.0,0,0,0,0.0,7.4,0.0,0,Công ty Cổ phần Lilama 69-3,L63,UPCOM,2016-10-06,,0.0,,2019,3,22,241752000000.0
5836,3109,7.4,7.4,7.4,7.4,0,0.0,0.0,0,0,0,0.0,7.4,0.0,0,Công ty Cổ phần Lilama 69-3,L63,UPCOM,2016-10-06,,0.0,,2019,3,25,259531000000.0
5835,3109,7.4,7.4,7.4,7.4,0,0.0,0.0,0,0,0,0.0,7.4,0.0,0,Công ty Cổ phần Lilama 69-3,L63,UPCOM,2016-10-06,,0.0,,2019,3,26,200030000000.0
5834,3109,7.4,7.4,7.4,7.4,0,0.0,0.0,0,0,0,0.0,7.4,0.0,0,Công ty Cổ phần Lilama 69-3,L63,UPCOM,2016-10-06,,0.0,,2019,3,27,199802000000.0
5833,3109,7.4,7.4,7.4,7.4,0,0.0,0.0,0,0,0,0.0,7.4,0.0,0,Công ty Cổ phần Lilama 69-3,L63,UPCOM,2016-10-06,,0.0,,2019,3,28,194341000000.0
5832,3109,7.4,7.4,7.4,7.4,100,0.0,0.0,0,0,0,740000.0,7.4,0.0,0,Công ty Cổ phần Lilama 69-3,L63,UPCOM,2016-10-06,,0.0,,2019,3,29,213620000000.0
5831,3109,7.4,7.4,7.4,7.4,0,0.0,0.0,0,0,0,0.0,7.4,0.0,0,Công ty Cổ phần Lilama 69-3,L63,UPCOM,2016-10-06,,0.0,,2019,4,1,218481000000.0
5830,3109,7.4,7.4,7.4,7.4,0,0.0,0.0,0,0,0,0.0,7.4,0.0,0,Công ty Cổ phần Lilama 69-3,L63,UPCOM,2016-10-06,,0.0,,2019,4,2,213819000000.0
5829,3109,6.3,6.3,6.3,6.3,100,0.0,0.0,0,0,0,630000.0,6.3,-1.1,0,Công ty Cổ phần Lilama 69-3,L63,UPCOM,2016-10-06,,0.0,,2019,4,3,204049000000.0
5828,3109,6.3,6.3,6.3,6.3,0,0.0,0.0,0,0,0,0.0,6.3,0.0,0,Công ty Cổ phần Lilama 69-3,L63,UPCOM,2016-10-06,,0.0,,2019,4,4,202124000000.0
5827,3109,6.3,6.3,6.3,6.3,0,0.0,0.0,0,0,0,0.0,6.3,0.0,0,Công ty Cổ phần Lilama 69-3,L63,UPCOM,2016-10-06,,0.0,,2019,4,5,165450000000.0
5826,3109,6.3,6.3,6.3,6.3,0,0.0,0.0,0,0,0,0.0,6.3,0.0,0,Công ty Cổ phần Lilama 69-3,L63,UPCOM,2016-10-06,,0.0,,2019,4,8,214871000000.0
5825,3109,6.3,6.3,6.3,6.3,0,0.0,0.0,0,0,0,0.0,6.3,0.0,0,Công ty Cổ phần Lilama 69-3,L63,UPCOM,2016-10-06,,0.0,,2019,4,9,251895000000.0
5824,3109,6.3,6.3,6.3,6.3,0,0.0,0.0,0,0,0,0.0,6.3,0.0,0,Công ty Cổ phần Lilama 69-3,L63,UPCOM,2016-10-06,,0.0,,2019,4,10,194799000000.0
5823,3109,6.3,6.3,6.3,6.3,0,0.0,0.0,0,0,0,0.0,6.3,0.0,0,Công ty Cổ phần Lilama 69-3,L63,UPCOM,2016-10-06,,0.0,,2019,4,11,146529000000.0
5822,3109,6.3,6.3,6.3,6.3,0,0.0,0.0,0,0,0,0.0,6.3,0.0,0,Công ty Cổ phần Lilama 69-3,L63,UPCOM,2016-10-06,,0.0,,2019,4,12,210564000000.0
5821,3109,6.3,6.3,6.3,6.3,0,0.0,0.0,0,0,0,0.0,6.3,0.0,0,Công ty Cổ phần Lilama 69-3,L63,UPCOM,2016-10-06,,0.0,,2019,4,16,189725000000.0
5820,3109,6.3,6.3,6.3,6.3,0,0.0,0.0,0,0,0,0.0,6.3,0.0,0,Công ty Cổ phần Lilama 69-3,L63,UPCOM,2016-10-06,,0.0,,2019,4,17,197320000000.0
5819,3109,6.3,6.3,6.3,6.3,0,0.0,0.0,0,0,0,0.0,6.3,0.0,0,Công ty Cổ phần Lilama 69-3,L63,UPCOM,2016-10-06,,0.0,,2019,4,18,183026000000.0
5818,3109,6.3,6.3,6.3,6.3,0,0.0,0.0,0,0,0,0.0,6.3,0.0,0,Công ty Cổ phần Lilama 69-3,L63,UPCOM,2016-10-06,,0.0,,2019,4,19,133221000000.0
5817,3109,6.3,6.3,6.3,6.3,0,0.0,0.0,0,0,0,0.0,6.3,0.0,0,Công ty Cổ phần Lilama 69-3,L63,UPCOM,2016-10-06,,0.0,,2019,4,22,154753000000.0
5816,3109,6.3,6.3,6.3,6.3,0,0.0,0.0,0,0,0,0.0,6.3,0.0,0,Công ty Cổ phần Lilama 69-3,L63,UPCOM,2016-10-06,,0.0,,2019,4,23,111865000000.0
5815,3109,6.3,6.3,6.3,6.3,0,0.0,0.0,0,0,0,0.0,6.3,0.0,0,Công ty Cổ phần Lilama 69-3,L63,UPCOM,2016-10-06,,0.0,,2019,4,24,176818000000.0
5814,3109,6.3,6.3,6.3,6.3,0,0.0,0.0,0,0,0,0.0,6.3,0.0,0,Công ty Cổ phần Lilama 69-3,L63,UPCOM,2016-10-06,,0.0,,2019,4,25,148210000000.0
5813,3109,6.3,6.3,6.3,6.3,0,0.0,0.0,0,0,0,0.0,6.3,0.0,0,Công ty Cổ phần Lilama 69-3,L63,UPCOM,2016-10-06,,0.0,,2019,4,26,122559000000.0
5812,3109,6.3,6.3,6.3,6.3,0,0.0,0.0,0,0,0,0.0,6.3,0.0,0,Công ty Cổ phần Lilama 69-3,L63,UPCOM,2016-10-06,,0.0,,2019,5,2,140988000000.0
5811,3109,6.3,6.3,6.3,6.3,0,0.0,0.0,0,0,0,0.0,6.3,0.0,0,Công ty Cổ phần Lilama 69-3,L63,UPCOM,2016-10-06,,0.0,,2019,5,3,137031000000.0
5810,3109,6.3,6.3,6.3,6.3,0,0.0,0.0,0,0,0,0.0,6.3,0.0,0,Công ty Cổ phần Lilama 69-3,L63,UPCOM,2016-10-06,,0.0,,2019,5,6,167587000000.0
5809,3109,6.3,6.3,6.3,6.3,0,0.0,0.0,0,0,0,0.0,6.3,0.0,0,Công ty Cổ phần Lilama 69-3,L63,UPCOM,2016-10-06,,0.0,,2019,5,7,105009000000.0
5808,3109,6.3,6.3,6.3,6.3,0,0.0,0.0,0,0,0,0.0,6.3,0.0,0,Công ty Cổ phần Lilama 69-3,L63,UPCOM,2016-10-06,,0.0,,2019,5,8,136218000000.0
5807,3109,6.3,6.3,6.3,6.3,0,0.0,0.0,0,0,0,0.0,6.3,0.0,0,Công ty Cổ phần Lilama 69-3,L63,UPCOM,2016-10-06,,0.0,,2019,5,9,86222100000.0
5806,3109,6.3,6.3,6.3,6.3,0,0.0,0.0,0,0,0,0.0,6.3,0.0,0,Công ty Cổ phần Lilama 69-3,L63,UPCOM,2016-10-06,,0.0,,2019,5,10,117896000000.0
5805,3109,6.3,6.3,6.3,6.3,0,0.0,0.0,0,0,0,0.0,6.3,0.0,0,Công ty Cổ phần Lilama 69-3,L63,UPCOM,2016-10-06,,0.0,,2019,5,13,130908000000.0
5804,3109,6.3,6.3,6.3,6.3,0,0.0,0.0,0,0,0,0.0,6.3,0.0,0,Công ty Cổ phần Lilama 69-3,L63,UPCOM,2016-10-06,,0.0,,2019,5,14,168443000000.0
5803,3109,6.3,6.3,6.3,6.3,0,0.0,0.0,0,0,0,0.0,6.3,0.0,0,Công ty Cổ phần Lilama 69-3,L63,UPCOM,2016-10-06,,0.0,,2019,5,15,185787000000.0
5802,3109,6.3,6.3,6.3,6.3,0,0.0,0.0,0,0,0,0.0,6.3,0.0,0,Công ty Cổ phần Lilama 69-3,L63,UPCOM,2016-10-06,,0.0,,2019,5,16,128123000000.0
5801,3109,6.3,6.3,6.3,6.3,0,0.0,0.0,0,0,0,0.0,6.3,0.0,0,Công ty Cổ phần Lilama 69-3,L63,UPCOM,2016-10-06,,0.0,,2019,5,17,237819000000.0
5800,3109,6.3,6.3,6.3,6.3,0,0.0,0.0,0,0,0,0.0,6.3,0.0,0,Công ty Cổ phần Lilama 69-3,L63,UPCOM,2016-10-06,,0.0,,2019,5,20,197330000000.0
5799,3109,6.3,6.3,6.3,6.3,0,0.0,0.0,0,0,0,0.0,6.3,0.0,0,Công ty Cổ phần Lilama 69-3,L63,UPCOM,2016-10-06,,0.0,,2019,5,21,160365000000.0
5798,3109,6.3,6.3,6.3,6.3,0,0.0,0.0,0,0,0,0.0,6.3,0.0,0,Công ty Cổ phần Lilama 69-3,L63,UPCOM,2016-10-06,,0.0,,2019,5,22,129148000000.0
5797,3109,6.3,6.3,6.3,6.3,0,0.0,0.0,0,0,0,0.0,6.3,0.0,0,Công ty Cổ phần Lilama 69-3,L63,UPCOM,2016-10-06,,0.0,,2019,5,23,215991000000.0
5796,3109,6.3,6.3,6.3,6.3,0,0.0,0.0,0,0,0,0.0,6.3,0.0,0,Công ty Cổ phần Lilama 69-3,L63,UPCOM,2016-10-06,,0.0,,2019,5,24,209788000000.0
5795,3109,6.3,6.3,6.3,6.3,0,0.0,0.0,0,0,0,0.0,6.3,0.0,0,Công ty Cổ phần Lilama 69-3,L63,UPCOM,2016-10-06,,0.0,,2019,5,27,121506000000.0
5794,3109,6.3,6.3,6.3,6.3,0,0.0,0.0,0,0,0,0.0,6.3,0.0,0,Công ty Cổ phần Lilama 69-3,L63,UPCOM,2016-10-06,,0.0,,2019,5,28,184152000000.0
5793,3109,5.7,5.7,5.7,5.7,400,0.0,0.0,0,0,0,2280000.0,5.7,-0.6,0,Công ty Cổ phần Lilama 69-3,L63,UPCOM,2016-10-06,,0.0,,2019,5,29,156347000000.0
5792,3109,5.7,5.7,5.7,5.7,0,0.0,0.0,0,0,0,0.0,5.7,0.0,0,Công ty Cổ phần Lilama 69-3,L63,UPCOM,2016-10-06,,0.0,,2019,5,30,112598000000.0
5791,3109,5.7,5.7,5.7,5.7,0,0.0,0.0,0,0,0,0.0,5.7,0.0,0,Công ty Cổ phần Lilama 69-3,L63,UPCOM,2016-10-06,,0.0,,2019,5,31,134238000000.0
5790,3109,5.7,5.7,5.7,5.7,0,0.0,0.0,0,0,0,0.0,5.7,0.0,0,Công ty Cổ phần Lilama 69-3,L63,UPCOM,2016-10-06,,0.0,,2019,6,3,172401000000.0
5789,3109,5.7,5.7,5.7,5.7,0,0.0,0.0,0,0,0,0.0,5.7,0.0,0,Công ty Cổ phần Lilama 69-3,L63,UPCOM,2016-10-06,,0.0,,2019,6,4,130714000000.0
5788,3109,5.7,5.7,5.7,5.7,0,0.0,0.0,0,0,0,0.0,5.7,0.0,0,Công ty Cổ phần Lilama 69-3,L63,UPCOM,2016-10-06,,0.0,,2019,6,5,115565000000.0
5787,3109,5.7,5.7,5.7,5.7,0,0.0,0.0,0,0,0,0.0,5.7,0.0,0,Công ty Cổ phần Lilama 69-3,L63,UPCOM,2016-10-06,,0.0,,2019,6,6,126841000000.0
5786,3109,5.7,5.7,5.7,5.7,0,0.0,0.0,0,0,0,0.0,5.7,0.0,0,Công ty Cổ phần Lilama 69-3,L63,UPCOM,2016-10-06,,0.0,,2019,6,7,171364000000.0
5785,3109,6.5,6.5,6.5,6.5,200,0.0,0.0,0,0,0,1300000.0,6.5,0.8,0,Công ty Cổ phần Lilama 69-3,L63,UPCOM,2016-10-06,,0.0,,2019,6,10,183141000000.0
5784,3109,7.4,7.4,7.4,7.4,100,0.0,0.0,0,0,0,740000.0,7.4,0.9,0,Công ty Cổ phần Lilama 69-3,L63,UPCOM,2016-10-06,,0.0,,2019,6,11,209125000000.0
5783,3109,8.5,8.5,8.5,8.5,200,0.0,0.0,0,0,0,1700000.0,8.5,1.1,0,Công ty Cổ phần Lilama 69-3,L63,UPCOM,2016-10-06,,0.0,,2019,6,12,168805000000.0
5782,3109,8.5,8.5,8.5,8.5,0,0.0,0.0,0,0,0,0.0,8.5,0.0,0,Công ty Cổ phần Lilama 69-3,L63,UPCOM,2016-10-06,,0.0,,2019,6,13,186231000000.0
5781,3109,8.5,8.5,8.5,8.5,0,0.0,0.0,0,0,0,0.0,8.5,0.0,0,Công ty Cổ phần Lilama 69-3,L63,UPCOM,2016-10-06,,0.0,,2019,6,14,155515000000.0
5780,3109,8.5,8.5,8.5,8.5,0,0.0,0.0,0,0,0,0.0,8.5,0.0,0,Công ty Cổ phần Lilama 69-3,L63,UPCOM,2016-10-06,,0.0,,2019,6,17,112212000000.0
5779,3109,8.5,8.5,8.5,8.5,0,0.0,0.0,0,0,0,0.0,8.5,0.0,0,Công ty Cổ phần Lilama 69-3,L63,UPCOM,2016-10-06,,0.0,,2019,6,18,176509000000.0
5778,3109,8.5,8.5,8.5,8.5,0,0.0,0.0,0,0,0,0.0,8.5,0.0,0,Công ty Cổ phần Lilama 69-3,L63,UPCOM,2016-10-06,,0.0,,2019,6,19,149491000000.0
5777,3109,8.0,8.0,8.0,8.0,111800,0.0,0.0,0,0,0,894400000.0,8.0,-0.5,0,Công ty Cổ phần Lilama 69-3,L63,UPCOM,2016-10-06,,0.0,,2019,6,20,166289000000.0
5776,3109,8.0,8.0,8.0,8.0,0,0.0,0.0,0,0,0,0.0,8.0,0.0,0,Công ty Cổ phần Lilama 69-3,L63,UPCOM,2016-10-06,,0.0,,2019,6,21,122135000000.0
5775,3109,8.0,8.0,8.0,8.0,0,0.0,0.0,0,0,0,0.0,8.0,0.0,0,Công ty Cổ phần Lilama 69-3,L63,UPCOM,2016-10-06,,0.0,,2019,6,24,132289000000.0
5774,3109,8.0,8.0,8.0,8.0,0,0.0,0.0,0,0,0,0.0,8.0,0.0,0,Công ty Cổ phần Lilama 69-3,L63,UPCOM,2016-10-06,,0.0,,2019,6,25,136297000000.0
5773,3109,8.0,8.0,8.0,8.0,0,0.0,0.0,0,0,0,0.0,8.0,0.0,0,Công ty Cổ phần Lilama 69-3,L63,UPCOM,2016-10-06,,0.0,,2019,6,26,158446000000.0
5772,3109,8.0,8.0,8.0,8.0,0,0.0,0.0,0,0,0,0.0,8.0,0.0,0,Công ty Cổ phần Lilama 69-3,L63,UPCOM,2016-10-06,,0.0,,2019,6,27,215182000000.0
5771,3109,8.0,8.0,8.0,8.0,0,0.0,0.0,0,0,0,0.0,8.0,0.0,0,Công ty Cổ phần Lilama 69-3,L63,UPCOM,2016-10-06,,0.0,,2019,6,28,201791000000.0
5770,3109,8.0,8.0,8.0,8.0,0,0.0,0.0,0,0,0,0.0,8.0,0.0,0,Công ty Cổ phần Lilama 69-3,L63,UPCOM,2016-10-06,,0.0,,2019,7,1,116308000000.0
5769,3109,8.0,8.0,8.0,8.0,0,0.0,0.0,0,0,0,0.0,8.0,0.0,0,Công ty Cổ phần Lilama 69-3,L63,UPCOM,2016-10-06,,0.0,,2019,7,2,167359000000.0
5768,3109,8.0,8.0,8.0,8.0,0,0.0,0.0,0,0,0,0.0,8.0,0.0,0,Công ty Cổ phần Lilama 69-3,L63,UPCOM,2016-10-06,,0.0,,2019,7,3,130724000000.0
5767,3109,8.0,8.0,8.0,8.0,0,0.0,0.0,0,0,0,0.0,8.0,0.0,0,Công ty Cổ phần Lilama 69-3,L63,UPCOM,2016-10-06,,0.0,,2019,7,4,159095000000.0
5766,3109,8.0,8.0,8.0,8.0,0,0.0,0.0,0,0,0,0.0,8.0,0.0,0,Công ty Cổ phần Lilama 69-3,L63,UPCOM,2016-10-06,,0.0,,2019,7,5,139611000000.0
5765,3109,8.0,8.0,8.0,8.0,0,0.0,0.0,0,0,0,0.0,8.0,0.0,0,Công ty Cổ phần Lilama 69-3,L63,UPCOM,2016-10-06,,0.0,,2019,7,8,127243000000.0
5764,3109,8.0,8.0,8.0,8.0,0,0.0,0.0,0,0,0,0.0,8.0,0.0,0,Công ty Cổ phần Lilama 69-3,L63,UPCOM,2016-10-06,,0.0,,2019,7,9,169333000000.0
5763,3109,8.0,8.0,8.0,8.0,0,0.0,0.0,0,0,0,0.0,8.0,0.0,0,Công ty Cổ phần Lilama 69-3,L63,UPCOM,2016-10-06,,0.0,,2019,7,10,200695000000.0
5762,3109,8.0,8.0,8.0,8.0,0,0.0,0.0,0,0,0,0.0,8.0,0.0,0,Công ty Cổ phần Lilama 69-3,L63,UPCOM,2016-10-06,,0.0,,2019,7,11,218888000000.0
5761,3109,8.0,8.0,8.0,8.0,0,0.0,0.0,0,0,0,0.0,8.0,0.0,0,Công ty Cổ phần Lilama 69-3,L63,UPCOM,2016-10-06,,0.0,,2019,7,12,205458000000.0
5760,3109,8.0,8.0,8.0,8.0,300,0.0,0.0,0,0,0,2400000.0,8.0,0.0,0,Công ty Cổ phần Lilama 69-3,L63,UPCOM,2016-10-06,,0.0,,2019,7,15,184196000000.0
5759,3109,8.0,8.0,8.0,8.0,0,0.0,0.0,0,0,0,0.0,8.0,0.0,0,Công ty Cổ phần Lilama 69-3,L63,UPCOM,2016-10-06,,0.0,,2019,7,16,234143000000.0
5758,3109,8.0,8.0,8.0,8.0,0,0.0,0.0,0,0,0,0.0,8.0,0.0,0,Công ty Cổ phần Lilama 69-3,L63,UPCOM,2016-10-06,,0.0,,2019,7,17,167257000000.0
5757,3109,8.0,8.0,8.0,8.0,0,0.0,0.0,0,0,0,0.0,8.0,0.0,0,Công ty Cổ phần Lilama 69-3,L63,UPCOM,2016-10-06,,0.0,,2019,7,18,170409000000.0
5756,3109,8.0,8.0,8.0,8.0,0,0.0,0.0,0,0,0,0.0,8.0,0.0,0,Công ty Cổ phần Lilama 69-3,L63,UPCOM,2016-10-06,,0.0,,2019,7,19,240988000000.0
5755,3109,8.0,8.0,8.0,8.0,0,0.0,0.0,0,0,0,0.0,8.0,0.0,0,Công ty Cổ phần Lilama 69-3,L63,UPCOM,2016-10-06,,0.0,,2019,7,22,226142000000.0
5754,3109,8.0,8.0,8.0,8.0,0,0.0,0.0,0,0,0,0.0,8.0,0.0,0,Công ty Cổ phần Lilama 69-3,L63,UPCOM,2016-10-06,,0.0,,2019,7,23,318794000000.0
5753,3109,8.0,8.0,8.0,8.0,0,0.0,0.0,0,0,0,0.0,8.0,0.0,0,Công ty Cổ phần Lilama 69-3,L63,UPCOM,2016-10-06,,0.0,,2019,7,24,267814000000.0
5752,3109,8.0,8.0,8.0,8.0,0,0.0,0.0,0,0,0,0.0,8.0,0.0,0,Công ty Cổ phần Lilama 69-3,L63,UPCOM,2016-10-06,,0.0,,2019,7,25,284266000000.0
5751,3109,8.0,8.0,8.0,8.0,0,0.0,0.0,0,0,0,0.0,8.0,0.0,0,Công ty Cổ phần Lilama 69-3,L63,UPCOM,2016-10-06,,0.0,,2019,7,26,215501000000.0
5750,3109,8.0,8.0,8.0,8.0,0,0.0,0.0,0,0,0,0.0,8.0,0.0,0,Công ty Cổ phần Lilama 69-3,L63,UPCOM,2016-10-06,,0.0,,2019,7,29,214894000000.0
5749,3109,8.0,8.0,8.0,8.0,0,0.0,0.0,0,0,0,0.0,8.0,0.0,0,Công ty Cổ phần Lilama 69-3,L63,UPCOM,2016-10-06,,0.0,,2019,7,30,300294000000.0
5748,3109,8.0,8.0,8.0,8.0,0,0.0,0.0,0,0,0,0.0,8.0,0.0,0,Công ty Cổ phần Lilama 69-3,L63,UPCOM,2016-10-06,,0.0,,2019,7,31,267865000000.0
5747,3109,8.0,8.0,8.0,8.0,0,0.0,0.0,0,0,0,0.0,8.0,0.0,0,Công ty Cổ phần Lilama 69-3,L63,UPCOM,2016-10-06,,0.0,,2019,8,1,217268000000.0
5746,3109,8.0,8.0,8.0,8.0,0,0.0,0.0,0,0,0,0.0,8.0,0.0,0,Công ty Cổ phần Lilama 69-3,L63,UPCOM,2016-10-06,,0.0,,2019,8,2,232073000000.0
5745,3109,8.0,8.0,8.0,8.0,0,0.0,0.0,0,0,0,0.0,8.0,0.0,0,Công ty Cổ phần Lilama 69-3,L63,UPCOM,2016-10-06,,0.0,,2019,8,5,311440000000.0
5744,3109,8.0,8.0,8.0,8.0,0,0.0,0.0,0,0,0,0.0,8.0,0.0,0,Công ty Cổ phần Lilama 69-3,L63,UPCOM,2016-10-06,,0.0,,2019,8,6,341483000000.0
5743,3109,8.0,8.0,8.0,8.0,0,0.0,0.0,0,0,0,0.0,8.0,0.0,0,Công ty Cổ phần Lilama 69-3,L63,UPCOM,2016-10-06,,0.0,,2019,8,7,264372000000.0
5742,3109,8.0,8.0,8.0,8.0,0,0.0,0.0,0,0,0,0.0,8.0,0.0,0,Công ty Cổ phần Lilama 69-3,L63,UPCOM,2016-10-06,,0.0,,2019,8,8,297326000000.0
5741,3109,8.0,8.0,8.0,8.0,35,0.0,0.0,0,0,0,238000.0,8.0,0.0,0,Công ty Cổ phần Lilama 69-3,L63,UPCOM,2016-10-06,,0.0,,2019,8,9,234454000000.0
5740,3109,8.0,8.0,8.0,8.0,0,0.0,0.0,0,0,0,0.0,8.0,0.0,0,Công ty Cổ phần Lilama 69-3,L63,UPCOM,2016-10-06,,0.0,,2019,8,12,212064000000.0
5739,3109,8.0,8.0,8.0,8.0,0,0.0,0.0,0,0,0,0.0,8.0,0.0,0,Công ty Cổ phần Lilama 69-3,L63,UPCOM,2016-10-06,,0.0,,2019,8,13,231136000000.0
5738,3109,8.0,8.0,8.0,8.0,0,0.0,0.0,0,0,0,0.0,8.0,0.0,0,Công ty Cổ phần Lilama 69-3,L63,UPCOM,2016-10-06,,0.0,,2019,8,14,164588000000.0
5737,3109,8.0,8.0,8.0,8.0,0,0.0,0.0,0,0,0,0.0,8.0,0.0,0,Công ty Cổ phần Lilama 69-3,L63,UPCOM,2016-10-06,,0.0,,2019,8,15,205652000000.0
5736,3109,8.0,8.0,8.0,8.0,0,0.0,0.0,0,0,0,0.0,8.0,0.0,0,Công ty Cổ phần Lilama 69-3,L63,UPCOM,2016-10-06,,0.0,,2019,8,16,252360000000.0
5735,3109,8.0,8.0,8.0,8.0,0,0.0,0.0,0,0,0,0.0,8.0,0.0,0,Công ty Cổ phần Lilama 69-3,L63,UPCOM,2016-10-06,,0.0,,2019,8,19,206843000000.0
5734,3109,8.0,8.0,8.0,8.0,0,0.0,0.0,0,0,0,0.0,8.0,0.0,0,Công ty Cổ phần Lilama 69-3,L63,UPCOM,2016-10-06,,0.0,,2019,8,20,267030000000.0
5733,3109,8.0,8.0,8.0,8.0,0,0.0,0.0,0,0,0,0.0,8.0,0.0,0,Công ty Cổ phần Lilama 69-3,L63,UPCOM,2016-10-06,,0.0,,2019,8,21,239568000000.0
5732,3109,8.0,8.0,8.0,8.0,0,0.0,0.0,0,0,0,0.0,8.0,0.0,0,Công ty Cổ phần Lilama 69-3,L63,UPCOM,2016-10-06,,0.0,,2019,8,22,221903000000.0
5731,3109,8.0,8.0,8.0,8.0,0,0.0,0.0,0,0,0,0.0,8.0,0.0,0,Công ty Cổ phần Lilama 69-3,L63,UPCOM,2016-10-06,,0.0,,2019,8,23,216619000000.0
5730,3109,8.0,8.0,8.0,8.0,0,0.0,0.0,0,0,0,0.0,8.0,0.0,0,Công ty Cổ phần Lilama 69-3,L63,UPCOM,2016-10-06,,0.0,,2019,8,26,220074000000.0
5729,3109,8.0,8.0,8.0,8.0,0,0.0,0.0,0,0,0,0.0,8.0,0.0,0,Công ty Cổ phần Lilama 69-3,L63,UPCOM,2016-10-06,,0.0,,2019,8,27,231054000000.0
5728,3109,8.0,8.0,8.0,8.0,0,0.0,0.0,0,0,0,0.0,8.0,0.0,0,Công ty Cổ phần Lilama 69-3,L63,UPCOM,2016-10-06,,0.0,,2019,8,28,273853000000.0
5727,3109,8.0,8.0,8.0,8.0,0,0.0,0.0,0,0,0,0.0,8.0,0.0,0,Công ty Cổ phần Lilama 69-3,L63,UPCOM,2016-10-06,,0.0,,2019,8,29,257150000000.0
5726,3109,8.0,8.0,8.0,8.0,0,0.0,0.0,0,0,0,0.0,8.0,0.0,0,Công ty Cổ phần Lilama 69-3,L63,UPCOM,2016-10-06,,0.0,,2019,8,30,230742000000.0
session_id,stock_id,open_price,close_price,high_price,low_price,volume_detail,ceiling_price,floor_price,buy_volume,sell_volume,net_volume,matched_value,adjust_price,change_percent,outstanding_share,name,code,stock_space,join_date,leave_date,init_price,category,year,month,day_of_month,volume_session
5963,3109,8.0,8.0,8.0,8.0,0,0.0,0.0,0,0,0,0.0,8.0,0.0,0,Công ty Cổ phần Lilama 69-3,L63,UPCOM,2016-10-06,,0.0,,2018,9,18,283130000000.0
5962,3109,8.0,8.0,8.0,8.0,34,0.0,0.0,0,0,0,234600.0,8.0,0.0,0,Công ty Cổ phần Lilama 69-3,L63,UPCOM,2016-10-06,,0.0,,2018,9,19,433428000000.0
5961,3109,8.0,8.0,8.0,8.0,0,0.0,0.0,0,0,0,0.0,8.0,0.0,0,Công ty Cổ phần Lilama 69-3,L63,UPCOM,2016-10-06,,0.0,,2018,9,20,459026000000.0
5960,3109,8.0,8.0,8.0,8.0,0,0.0,0.0,0,0,0,0.0,8.0,0.0,0,Công ty Cổ phần Lilama 69-3,L63,UPCOM,2016-10-06,,0.0,,2018,9,21,490000000000.0
5959,3109,7.3,7.3,7.3,7.3,300,0.0,0.0,0,0,0,2190000.0,7.3,-0.7,0,Công ty Cổ phần Lilama 69-3,L63,UPCOM,2016-10-06,,0.0,,2018,9,24,362641000000.0
5958,3109,7.3,7.3,7.3,7.3,0,0.0,0.0,0,0,0,0.0,7.3,0.0,0,Công ty Cổ phần Lilama 69-3,L63,UPCOM,2016-10-06,,0.0,,2018,9,25,449900000000.0
5957,3109,7.3,7.3,7.3,7.3,0,0.0,0.0,0,0,0,0.0,7.3,0.0,0,Công ty Cổ phần Lilama 69-3,L63,UPCOM,2016-10-06,,0.0,,2018,9,26,467003000000.0
5956,3109,7.3,7.3,7.3,7.3,0,0.0,0.0,0,0,0,0.0,7.3,0.0,0,Công ty Cổ phần Lilama 69-3,L63,UPCOM,2016-10-06,,0.0,,2018,9,27,399013000000.0
5955,3109,7.3,7.3,7.3,7.3,0,0.0,0.0,0,0,0,0.0,7.3,0.0,0,Công ty Cổ phần Lilama 69-3,L63,UPCOM,2016-10-06,,0.0,,2018,9,28,548565000000.0
5954,3109,7.3,7.3,7.3,7.3,0,0.0,0.0,0,0,0,0.0,7.3,0.0,0,Công ty Cổ phần Lilama 69-3,L63,UPCOM,2016-10-06,,0.0,,2018,10,1,426138000000.0
5953,3109,7.3,7.3,7.3,7.3,0,0.0,0.0,0,0,0,0.0,7.3,0.0,0,Công ty Cổ phần Lilama 69-3,L63,UPCOM,2016-10-06,,0.0,,2018,10,2,334039000000.0
5952,3109,7.3,7.3,7.3,7.3,0,0.0,0.0,0,0,0,0.0,7.3,0.0,0,Công ty Cổ phần Lilama 69-3,L63,UPCOM,2016-10-06,,0.0,,2018,10,3,308623000000.0
5951,3109,7.3,7.3,7.3,7.3,0,0.0,0.0,0,0,0,0.0,7.3,0.0,0,Công ty Cổ phần Lilama 69-3,L63,UPCOM,2016-10-06,,0.0,,2018,10,4,378708000000.0
5950,3109,7.3,7.3,7.3,7.3,0,0.0,0.0,0,0,0,0.0,7.3,0.0,0,Công ty Cổ phần Lilama 69-3,L63,UPCOM,2016-10-06,,0.0,,2018,10,5,379753000000.0
5949,3109,7.3,7.3,7.3,7.3,0,0.0,0.0,0,0,0,0.0,7.3,0.0,0,Công ty Cổ phần Lilama 69-3,L63,UPCOM,2016-10-06,,0.0,,2018,10,8,290608000000.0
5948,3109,7.3,7.3,7.3,7.3,0,0.0,0.0,0,0,0,0.0,7.3,0.0,0,Công ty Cổ phần Lilama 69-3,L63,UPCOM,2016-10-06,,0.0,,2018,10,9,288694000000.0
5947,3109,7.3,7.3,7.3,7.3,0,0.0,0.0,0,0,0,0.0,7.3,0.0,0,Công ty Cổ phần Lilama 69-3,L63,UPCOM,2016-10-06,,0.0,,2018,10,10,313964000000.0
5946,3109,7.3,7.3,7.3,7.3,0,0.0,0.0,0,0,0,0.0,7.3,0.0,0,Công ty Cổ phần Lilama 69-3,L63,UPCOM,2016-10-06,,0.0,,2018,10,11,588391000000.0
5945,3109,7.3,7.3,7.3,7.3,0,0.0,0.0,0,0,0,0.0,7.3,0.0,0,Công ty Cổ phần Lilama 69-3,L63,UPCOM,2016-10-06,,0.0,,2018,10,12,328086000000.0
5944,3109,7.3,7.3,7.3,7.3,0,0.0,0.0,0,0,0,0.0,7.3,0.0,0,Công ty Cổ phần Lilama 69-3,L63,UPCOM,2016-10-06,,0.0,,2018,10,15,166174000000.0
5943,3109,7.3,7.3,7.3,7.3,0,0.0,0.0,0,0,0,0.0,7.3,0.0,0,Công ty Cổ phần Lilama 69-3,L63,UPCOM,2016-10-06,,0.0,,2018,10,16,187556000000.0
5942,3109,7.3,7.3,7.3,7.3,0,0.0,0.0,0,0,0,0.0,7.3,0.0,0,Công ty Cổ phần Lilama 69-3,L63,UPCOM,2016-10-06,,0.0,,2018,10,17,256286000000.0
5941,3109,7.3,7.3,7.3,7.3,0,0.0,0.0,0,0,0,0.0,7.3,0.0,0,Công ty Cổ phần Lilama 69-3,L63,UPCOM,2016-10-06,,0.0,,2018,10,18,252487000000.0
5940,3109,7.3,7.3,7.3,7.3,0,0.0,0.0,0,0,0,0.0,7.3,0.0,0,Công ty Cổ phần Lilama 69-3,L63,UPCOM,2016-10-06,,0.0,,2018,10,19,184959000000.0
5939,3109,7.3,7.3,7.3,7.3,0,0.0,0.0,0,0,0,0.0,7.3,0.0,0,Công ty Cổ phần Lilama 69-3,L63,UPCOM,2016-10-06,,0.0,,2018,10,22,344056000000.0
5938,3109,7.3,7.3,7.3,7.3,0,0.0,0.0,0,0,0,0.0,7.3,0.0,0,Công ty Cổ phần Lilama 69-3,L63,UPCOM,2016-10-06,,0.0,,2018,10,23,243121000000.0
5937,3109,7.3,7.3,7.3,7.3,0,0.0,0.0,0,0,0,0.0,7.3,0.0,0,Công ty Cổ phần Lilama 69-3,L63,UPCOM,2016-10-06,,0.0,,2018,10,24,228973000000.0
5936,3109,7.3,7.3,7.3,7.3,0,0.0,0.0,0,0,0,0.0,7.3,0.0,0,Công ty Cổ phần Lilama 69-3,L63,UPCOM,2016-10-06,,0.0,,2018,10,25,292906000000.0
5935,3109,7.3,7.3,7.3,7.3,0,0.0,0.0,0,0,0,0.0,7.3,0.0,0,Công ty Cổ phần Lilama 69-3,L63,UPCOM,2016-10-06,,0.0,,2018,10,26,164723000000.0
5934,3109,7.3,7.3,7.3,7.3,0,0.0,0.0,0,0,0,0.0,7.3,0.0,0,Công ty Cổ phần Lilama 69-3,L63,UPCOM,2016-10-06,,0.0,,2018,10,29,170174000000.0
5933,3109,7.3,7.3,7.3,7.3,0,0.0,0.0,0,0,0,0.0,7.3,0.0,0,Công ty Cổ phần Lilama 69-3,L63,UPCOM,2016-10-06,,0.0,,2018,10,30,135804000000.0
5932,3109,7.3,7.3,7.3,7.3,0,0.0,0.0,0,0,0,0.0,7.3,0.0,0,Công ty Cổ phần Lilama 69-3,L63,UPCOM,2016-10-06,,0.0,,2018,10,31,215607000000.0
5931,3109,7.3,7.3,7.3,7.3,0,0.0,0.0,0,0,0,0.0,7.3,0.0,0,Công ty Cổ phần Lilama 69-3,L63,UPCOM,2016-10-06,,0.0,,2018,11,1,186501000000.0
5930,3109,7.3,7.3,7.3,7.3,0,0.0,0.0,0,0,0,0.0,7.3,0.0,0,Công ty Cổ phần Lilama 69-3,L63,UPCOM,2016-10-06,,0.0,,2018,11,2,191598000000.0
5929,3109,7.3,7.3,7.3,7.3,0,0.0,0.0,0,0,0,0.0,7.3,0.0,0,Công ty Cổ phần Lilama 69-3,L63,UPCOM,2016-10-06,,0.0,,2018,11,5,126547000000.0
5928,3109,7.3,7.3,7.3,7.3,0,0.0,0.0,0,0,0,0.0,7.3,0.0,0,Công ty Cổ phần Lilama 69-3,L63,UPCOM,2016-10-06,,0.0,,2018,11,6,175530000000.0
5927,3109,7.3,7.3,7.3,7.3,0,0.0,0.0,0,0,0,0.0,7.3,0.0,0,Công ty Cổ phần Lilama 69-3,L63,UPCOM,2016-10-06,,0.0,,2018,11,7,137561000000.0
5926,3109,7.3,7.3,7.3,7.3,0,0.0,0.0,0,0,0,0.0,7.3,0.0,0,Công ty Cổ phần Lilama 69-3,L63,UPCOM,2016-10-06,,0.0,,2018,11,8,160883000000.0
5925,3109,7.3,7.3,7.3,7.3,0,0.0,0.0,0,0,0,0.0,7.3,0.0,0,Công ty Cổ phần Lilama 69-3,L63,UPCOM,2016-10-06,,0.0,,2018,11,9,170099000000.0
5924,3109,7.3,7.3,7.3,7.3,0,0.0,0.0,0,0,0,0.0,7.3,0.0,0,Công ty Cổ phần Lilama 69-3,L63,UPCOM,2016-10-06,,0.0,,2018,11,12,141410000000.0
5923,3109,7.3,7.3,7.3,7.3,0,0.0,0.0,0,0,0,0.0,7.3,0.0,0,Công ty Cổ phần Lilama 69-3,L63,UPCOM,2016-10-06,,0.0,,2018,11,13,230235000000.0
5922,3109,7.3,7.3,7.3,7.3,0,0.0,0.0,0,0,0,0.0,7.3,0.0,0,Công ty Cổ phần Lilama 69-3,L63,UPCOM,2016-10-06,,0.0,,2018,11,14,183093000000.0
5921,3109,7.3,7.3,7.3,7.3,0,0.0,0.0,0,0,0,0.0,7.3,0.0,0,Công ty Cổ phần Lilama 69-3,L63,UPCOM,2016-10-06,,0.0,,2018,11,15,175069000000.0
5920,3109,7.3,7.3,7.3,7.3,0,0.0,0.0,0,0,0,0.0,7.3,0.0,0,Công ty Cổ phần Lilama 69-3,L63,UPCOM,2016-10-06,,0.0,,2018,11,16,256354000000.0
5919,3109,7.3,7.3,7.3,7.3,0,0.0,0.0,0,0,0,0.0,7.3,0.0,0,Công ty Cổ phần Lilama 69-3,L63,UPCOM,2016-10-06,,0.0,,2018,11,19,160236000000.0
5918,3109,7.3,7.3,7.3,7.3,0,0.0,0.0,0,0,0,0.0,7.3,0.0,0,Công ty Cổ phần Lilama 69-3,L63,UPCOM,2016-10-06,,0.0,,2018,11,20,129487000000.0
5917,3109,7.3,7.3,7.3,7.3,0,0.0,0.0,0,0,0,0.0,7.3,0.0,0,Công ty Cổ phần Lilama 69-3,L63,UPCOM,2016-10-06,,0.0,,2018,11,21,153162000000.0
5916,3109,7.3,7.3,7.3,7.3,0,0.0,0.0,0,0,0,0.0,7.3,0.0,0,Công ty Cổ phần Lilama 69-3,L63,UPCOM,2016-10-06,,0.0,,2018,11,22,239562000000.0
5915,3109,7.3,7.3,7.3,7.3,0,0.0,0.0,0,0,0,0.0,7.3,0.0,0,Công ty Cổ phần Lilama 69-3,L63,UPCOM,2016-10-06,,0.0,,2018,11,23,168210000000.0
5914,3109,7.3,7.3,7.3,7.3,0,0.0,0.0,0,0,0,0.0,7.3,0.0,0,Công ty Cổ phần Lilama 69-3,L63,UPCOM,2016-10-06,,0.0,,2018,11,26,146952000000.0
5913,3109,7.3,7.3,7.3,7.3,0,0.0,0.0,0,0,0,0.0,7.3,0.0,0,Công ty Cổ phần Lilama 69-3,L63,UPCOM,2016-10-06,,0.0,,2018,11,27,260881000000.0
5912,3109,7.3,7.3,7.3,7.3,0,0.0,0.0,0,0,0,0.0,7.3,0.0,0,Công ty Cổ phần Lilama 69-3,L63,UPCOM,2016-10-06,,0.0,,2018,11,28,156198000000.0
5911,3109,7.3,7.3,7.3,7.3,0,0.0,0.0,0,0,0,0.0,7.3,0.0,0,Công ty Cổ phần Lilama 69-3,L63,UPCOM,2016-10-06,,0.0,,2018,11,29,214380000000.0
5910,3109,7.3,7.3,7.3,7.3,0,0.0,0.0,0,0,0,0.0,7.3,0.0,0,Công ty Cổ phần Lilama 69-3,L63,UPCOM,2016-10-06,,0.0,,2018,11,30,186349000000.0
5909,3109,7.3,7.3,7.3,7.3,0,0.0,0.0,0,0,0,0.0,7.3,0.0,0,Công ty Cổ phần Lilama 69-3,L63,UPCOM,2016-10-06,,0.0,,2018,12,3,276337000000.0
5908,3109,7.3,7.3,7.3,7.3,0,0.0,0.0,0,0,0,0.0,7.3,0.0,0,Công ty Cổ phần Lilama 69-3,L63,UPCOM,2016-10-06,,0.0,,2018,12,4,271439000000.0
5907,3109,7.3,7.3,7.3,7.3,0,0.0,0.0,0,0,0,0.0,7.3,0.0,0,Công ty Cổ phần Lilama 69-3,L63,UPCOM,2016-10-06,,0.0,,2018,12,5,235145000000.0
5906,3109,7.3,7.3,7.3,7.3,0,0.0,0.0,0,0,0,0.0,7.3,0.0,0,Công ty Cổ phần Lilama 69-3,L63,UPCOM,2016-10-06,,0.0,,2018,12,6,242559000000.0
5905,3109,10.0,10.0,10.0,10.0,13900,0.0,0.0,0,0,0,139000000.0,10.0,2.7,0,Công ty Cổ phần Lilama 69-3,L63,UPCOM,2016-10-06,,0.0,,2018,12,7,212064000000.0
5904,3109,8.5,8.5,8.5,8.5,100,0.0,0.0,0,0,0,850000.0,8.5,-1.5,0,Công ty Cổ phần Lilama 69-3,L63,UPCOM,2016-10-06,,0.0,,2018,12,10,160257000000.0
5903,3109,9.5,7.3,9.5,7.3,4900,0.0,0.0,0,0,0,46330000.0,7.3,-1.2,0,Công ty Cổ phần Lilama 69-3,L63,UPCOM,2016-10-06,,0.0,,2018,12,11,209552000000.0
5902,3109,8.1,8.1,8.1,8.1,1000,0.0,0.0,0,0,0,8100000.0,8.1,-1.4,0,Công ty Cổ phần Lilama 69-3,L63,UPCOM,2016-10-06,,0.0,,2018,12,12,206605000000.0
5901,3109,6.9,6.9,6.9,6.9,1000,0.0,0.0,0,0,0,6900000.0,6.9,-1.2,0,Công ty Cổ phần Lilama 69-3,L63,UPCOM,2016-10-06,,0.0,,2018,12,13,188217000000.0
5900,3109,7.9,7.9,7.9,7.9,1000,0.0,0.0,0,0,0,7900000.0,7.9,1.0,0,Công ty Cổ phần Lilama 69-3,L63,UPCOM,2016-10-06,,0.0,,2018,12,14,156184000000.0
5899,3109,7.9,7.9,7.9,7.9,0,0.0,0.0,0,0,0,0.0,7.9,0.0,0,Công ty Cổ phần Lilama 69-3,L63,UPCOM,2016-10-06,,0.0,,2018,12,17,211526000000.0
5898,3109,7.9,7.9,7.9,7.9,0,0.0,0.0,0,0,0,0.0,7.9,0.0,0,Công ty Cổ phần Lilama 69-3,L63,UPCOM,2016-10-06,,0.0,,2018,12,18,251318000000.0
5897,3109,7.9,7.9,7.9,7.9,0,0.0,0.0,0,0,0,0.0,7.9,0.0,0,Công ty Cổ phần Lilama 69-3,L63,UPCOM,2016-10-06,,0.0,,2018,12,19,141498000000.0
5896,3109,7.9,7.9,7.9,7.9,0,0.0,0.0,0,0,0,0.0,7.9,0.0,0,Công ty Cổ phần Lilama 69-3,L63,UPCOM,2016-10-06,,0.0,,2018,12,20,148278000000.0
5895,3109,9.0,9.0,9.0,9.0,41620,0.0,0.0,0,0,0,374538000.0,9.0,1.1,0,Công ty Cổ phần Lilama 69-3,L63,UPCOM,2016-10-06,,0.0,,2018,12,21,167370000000.0
5894,3109,9.0,9.0,9.0,9.0,2800,0.0,0.0,0,0,0,25200000.0,9.0,0.0,0,Công ty Cổ phần Lilama 69-3,L63,UPCOM,2016-10-06,,0.0,,2018,12,24,168479000000.0
5893,3109,9.0,9.0,9.0,9.0,22000,0.0,0.0,0,0,0,198000000.0,9.0,0.0,0,Công ty Cổ phần Lilama 69-3,L63,UPCOM,2016-10-06,,0.0,,2018,12,25,267205000000.0
5892,3109,9.0,9.0,9.0,9.0,21200,0.0,0.0,0,0,0,190800000.0,9.0,0.0,0,Công ty Cổ phần Lilama 69-3,L63,UPCOM,2016-10-06,,0.0,,2018,12,26,234778000000.0
5891,3109,10.0,9.0,10.0,9.0,37510,0.0,0.0,0,0,0,344577000.0,9.0,0.0,0,Công ty Cổ phần Lilama 69-3,L63,UPCOM,2016-10-06,,0.0,,2018,12,27,299884000000.0
5890,3109,9.2,9.2,9.2,9.2,35,0.0,0.0,0,0,0,276500.0,9.2,0.0,0,Công ty Cổ phần Lilama 69-3,L63,UPCOM,2016-10-06,,0.0,,2018,12,28,353624000000.0
5889,3109,9.2,9.2,9.2,9.2,0,0.0,0.0,0,0,0,0.0,9.2,0.0,0,Công ty Cổ phần Lilama 69-3,L63,UPCOM,2016-10-06,,0.0,,2019,1,2,163016000000.0
5888,3109,9.2,9.2,9.2,9.2,10,0.0,0.0,0,0,0,79000.0,9.2,0.0,0,Công ty Cổ phần Lilama 69-3,L63,UPCOM,2016-10-06,,0.0,,2019,1,3,256879000000.0
5887,3109,9.2,9.2,9.2,9.2,0,0.0,0.0,0,0,0,0.0,9.2,0.0,0,Công ty Cổ phần Lilama 69-3,L63,UPCOM,2016-10-06,,0.0,,2019,1,4,102892000000.0
5886,3109,9.2,9.2,9.2,9.2,0,0.0,0.0,0,0,0,0.0,9.2,0.0,0,Công ty Cổ phần Lilama 69-3,L63,UPCOM,2016-10-06,,0.0,,2019,1,7,94611900000.0
5885,3109,9.2,9.0,9.2,9.2,45,0.0,0.0,0,0,0,425000.0,9.0,-0.2,0,Công ty Cổ phần Lilama 69-3,L63,UPCOM,2016-10-06,,0.0,,2019,1,8,113478000000.0
5884,3109,9.2,9.2,9.2,9.2,0,0.0,0.0,0,0,0,0.0,9.2,0.0,0,Công ty Cổ phần Lilama 69-3,L63,UPCOM,2016-10-06,,0.0,,2019,1,9,167601000000.0
5883,3109,9.2,9.2,9.2,9.2,0,0.0,0.0,0,0,0,0.0,9.2,0.0,0,Công ty Cổ phần Lilama 69-3,L63,UPCOM,2016-10-06,,0.0,,2019,1,10,141731000000.0
5882,3109,8.8,8.8,8.8,8.8,3365,0.0,0.0,0,0,0,29553500.0,8.8,-0.4,0,Công ty Cổ phần Lilama 69-3,L63,UPCOM,2016-10-06,,0.0,,2019,1,11,144561000000.0
5881,3109,8.8,8.8,8.8,8.8,0,0.0,0.0,0,0,0,0.0,8.8,0.0,0,Công ty Cổ phần Lilama 69-3,L63,UPCOM,2016-10-06,,0.0,,2019,1,14,125743000000.0
5880,3109,8.8,8.8,8.8,8.8,0,0.0,0.0,0,0,0,0.0,8.8,0.0,0,Công ty Cổ phần Lilama 69-3,L63,UPCOM,2016-10-06,,0.0,,2019,1,15,132017000000.0
5879,3109,9.0,9.0,9.0,9.0,6900,0.0,0.0,0,0,0,62100000.0,9.0,0.2,0,Công ty Cổ phần Lilama 69-3,L63,UPCOM,2016-10-06,,0.0,,2019,1,16,166347000000.0
5878,3109,9.0,9.0,9.0,9.0,0,0.0,0.0,0,0,0,0.0,9.0,0.0,0,Công ty Cổ phần Lilama 69-3,L63,UPCOM,2016-10-06,,0.0,,2019,1,17,135800000000.0
5877,3109,9.0,9.0,9.0,9.0,0,0.0,0.0,0,0,0,0.0,9.0,0.0,0,Công ty Cổ phần Lilama 69-3,L63,UPCOM,2016-10-06,,0.0,,2019,1,18,130836000000.0
5876,3109,9.0,9.0,9.0,9.0,0,0.0,0.0,0,0,0,0.0,9.0,0.0,0,Công ty Cổ phần Lilama 69-3,L63,UPCOM,2016-10-06,,0.0,,2019,1,21,181577000000.0
5875,3109,9.0,9.0,9.0,9.0,0,0.0,0.0,0,0,0,0.0,9.0,0.0,0,Công ty Cổ phần Lilama 69-3,L63,UPCOM,2016-10-06,,0.0,,2019,1,22,196493000000.0
5874,3109,9.0,9.0,9.0,9.0,0,0.0,0.0,0,0,0,0.0,9.0,0.0,0,Công ty Cổ phần Lilama 69-3,L63,UPCOM,2016-10-06,,0.0,,2019,1,23,129741000000.0
5873,3109,9.0,9.0,9.0,9.0,0,0.0,0.0,0,0,0,0.0,9.0,0.0,0,Công ty Cổ phần Lilama 69-3,L63,UPCOM,2016-10-06,,0.0,,2019,1,24,98900700000.0
5872,3109,9.0,9.0,9.0,9.0,0,0.0,0.0,0,0,0,0.0,9.0,0.0,0,Công ty Cổ phần Lilama 69-3,L63,UPCOM,2016-10-06,,0.0,,2019,1,25,114023000000.0
5871,3109,9.0,9.0,9.0,9.0,0,0.0,0.0,0,0,0,0.0,9.0,0.0,0,Công ty Cổ phần Lilama 69-3,L63,UPCOM,2016-10-06,,0.0,,2019,1,28,126895000000.0
5870,3109,9.0,9.0,9.0,9.0,0,0.0,0.0,0,0,0,0.0,9.0,0.0,0,Công ty Cổ phần Lilama 69-3,L63,UPCOM,2016-10-06,,0.0,,2019,1,29,417280000000.0
5869,3109,9.0,9.0,9.0,9.0,0,0.0,0.0,0,0,0,0.0,9.0,0.0,0,Công ty Cổ phần Lilama 69-3,L63,UPCOM,2016-10-06,,0.0,,2019,1,30,143531000000.0
5868,3109,9.0,9.0,9.0,9.0,0,0.0,0.0,0,0,0,0.0,9.0,0.0,0,Công ty Cổ phần Lilama 69-3,L63,UPCOM,2016-10-06,,0.0,,2019,1,31,236289000000.0
5867,3109,9.0,9.0,9.0,9.0,0,0.0,0.0,0,0,0,0.0,9.0,0.0,0,Công ty Cổ phần Lilama 69-3,L63,UPCOM,2016-10-06,,0.0,,2019,2,1,80247000000.0
5866,3109,9.0,9.0,9.0,9.0,0,0.0,0.0,0,0,0,0.0,9.0,0.0,0,Công ty Cổ phần Lilama 69-3,L63,UPCOM,2016-10-06,,0.0,,2019,2,11,116647000000.0
5865,3109,9.0,9.0,9.0,9.0,0,0.0,0.0,0,0,0,0.0,9.0,0.0,0,Công ty Cổ phần Lilama 69-3,L63,UPCOM,2016-10-06,,0.0,,2019,2,12,283315000000.0
5864,3109,9.0,9.0,9.0,9.0,0,0.0,0.0,0,0,0,0.0,9.0,0.0,0,Công ty Cổ phần Lilama 69-3,L63,UPCOM,2016-10-06,,0.0,,2019,2,13,207607000000.0
5863,3109,9.0,9.0,9.0,9.0,0,0.0,0.0,0,0,0,0.0,9.0,0.0,0,Công ty Cổ phần Lilama 69-3,L63,UPCOM,2016-10-06,,0.0,,2019,2,14,131903000000.0
5862,3109,9.0,9.0,9.0,9.0,0,0.0,0.0,0,0,0,0.0,9.0,0.0,0,Công ty Cổ phần Lilama 69-3,L63,UPCOM,2016-10-06,,0.0,,2019,2,15,148070000000.0
5861,3109,9.0,9.0,9.0,9.0,0,0.0,0.0,0,0,0,0.0,9.0,0.0,0,Công ty Cổ phần Lilama 69-3,L63,UPCOM,2016-10-06,,0.0,,2019,2,18,235926000000.0
5860,3109,9.0,9.0,9.0,9.0,0,0.0,0.0,0,0,0,0.0,9.0,0.0,0,Công ty Cổ phần Lilama 69-3,L63,UPCOM,2016-10-06,,0.0,,2019,2,19,290396000000.0
5859,3109,9.0,9.0,9.0,9.0,0,0.0,0.0,0,0,0,0.0,9.0,0.0,0,Công ty Cổ phần Lilama 69-3,L63,UPCOM,2016-10-06,,0.0,,2019,2,20,207319000000.0
5858,3109,9.0,9.0,9.0,9.0,0,0.0,0.0,0,0,0,0.0,9.0,0.0,0,Công ty Cổ phần Lilama 69-3,L63,UPCOM,2016-10-06,,0.0,,2019,2,21,193334000000.0
5857,3109,9.0,9.0,9.0,9.0,0,0.0,0.0,0,0,0,0.0,9.0,0.0,0,Công ty Cổ phần Lilama 69-3,L63,UPCOM,2016-10-06,,0.0,,2019,2,22,189644000000.0
5856,3109,8.5,8.5,8.5,8.5,5000,0.0,0.0,0,0,0,42500000.0,8.5,-0.5,0,Công ty Cổ phần Lilama 69-3,L63,UPCOM,2016-10-06,,0.0,,2019,2,25,184801000000.0
5855,3109,8.5,8.5,8.5,8.5,0,0.0,0.0,0,0,0,0.0,8.5,0.0,0,Công ty Cổ phần Lilama 69-3,L63,UPCOM,2016-10-06,,0.0,,2019,2,26,214117000000.0
5854,3109,8.5,8.5,8.5,8.5,0,0.0,0.0,0,0,0,0.0,8.5,0.0,0,Công ty Cổ phần Lilama 69-3,L63,UPCOM,2016-10-06,,0.0,,2019,2,27,222331000000.0
5853,3109,8.5,8.5,8.5,8.5,5000,0.0,0.0,0,0,0,42500000.0,8.5,0.0,0,Công ty Cổ phần Lilama 69-3,L63,UPCOM,2016-10-06,,0.0,,2019,2,28,263910000000.0
5852,3109,8.5,8.5,8.5,8.5,0,0.0,0.0,0,0,0,0.0,8.5,0.0,0,Công ty Cổ phần Lilama 69-3,L63,UPCOM,2016-10-06,,0.0,,2019,3,1,201710000000.0
5851,3109,8.5,8.5,8.5,8.5,0,0.0,0.0,0,0,0,0.0,8.5,0.0,0,Công ty Cổ phần Lilama 69-3,L63,UPCOM,2016-10-06,,0.0,,2019,3,4,273900000000.0
5850,3109,8.5,8.5,8.5,8.5,0,0.0,0.0,0,0,0,0.0,8.5,0.0,0,Công ty Cổ phần Lilama 69-3,L63,UPCOM,2016-10-06,,0.0,,2019,3,5,243333000000.0
5849,3109,8.5,8.5,8.5,8.5,0,0.0,0.0,0,0,0,0.0,8.5,0.0,0,Công ty Cổ phần Lilama 69-3,L63,UPCOM,2016-10-06,,0.0,,2019,3,6,179729000000.0
5848,3109,8.5,8.5,8.5,8.5,0,0.0,0.0,0,0,0,0.0,8.5,0.0,0,Công ty Cổ phần Lilama 69-3,L63,UPCOM,2016-10-06,,0.0,,2019,3,7,266511000000.0
5847,3109,8.5,8.5,8.5,8.5,0,0.0,0.0,0,0,0,0.0,8.5,0.0,0,Công ty Cổ phần Lilama 69-3,L63,UPCOM,2016-10-06,,0.0,,2019,3,8,250090000000.0
5846,3109,8.5,8.5,8.5,8.5,0,0.0,0.0,0,0,0,0.0,8.5,0.0,0,Công ty Cổ phần Lilama 69-3,L63,UPCOM,2016-10-06,,0.0,,2019,3,11,193530000000.0
5845,3109,8.5,8.5,8.5,8.5,0,0.0,0.0,0,0,0,0.0,8.5,0.0,0,Công ty Cổ phần Lilama 69-3,L63,UPCOM,2016-10-06,,0.0,,2019,3,12,317718000000.0
5844,3109,8.5,8.5,8.5,8.5,0,0.0,0.0,0,0,0,0.0,8.5,0.0,0,Công ty Cổ phần Lilama 69-3,L63,UPCOM,2016-10-06,,0.0,,2019,3,13,337767000000.0
5843,3109,8.5,8.5,8.5,8.5,0,0.0,0.0,0,0,0,0.0,8.5,0.0,0,Công ty Cổ phần Lilama 69-3,L63,UPCOM,2016-10-06,,0.0,,2019,3,14,258852000000.0
session_id,stock_id,open_price,close_price,high_price,low_price,volume_detail,ceiling_price,floor_price,buy_volume,sell_volume,net_volume,matched_value,adjust_price,change_percent,outstanding_share,name,code,stock_space,join_date,leave_date,init_price,category,year,month,day_of_month,volume_session
6090,3109,5.4,5.4,5.4,5.4,0,0.0,0.0,0,0,0,0.0,5.4,0.0,0,Công ty Cổ phần Lilama 69-3,L63,UPCOM,2016-10-06,,0.0,,2018,3,19,457517000000.0
6089,3109,5.4,5.4,5.4,5.4,0,0.0,0.0,0,0,0,0.0,5.4,0.0,0,Công ty Cổ phần Lilama 69-3,L63,UPCOM,2016-10-06,,0.0,,2018,3,20,510263000000.0
6088,3109,5.4,5.4,5.4,5.4,0,0.0,0.0,0,0,0,0.0,5.4,0.0,0,Công ty Cổ phần Lilama 69-3,L63,UPCOM,2016-10-06,,0.0,,2018,3,21,375582000000.0
6087,3109,6.1,6.1,6.1,6.1,5000,0.0,0.0,0,0,0,30500000.0,6.1,0.7,0,Công ty Cổ phần Lilama 69-3,L63,UPCOM,2016-10-06,,0.0,,2018,3,22,307740000000.0
6086,3109,6.1,6.1,6.1,6.1,0,0.0,0.0,0,0,0,0.0,6.1,0.0,0,Công ty Cổ phần Lilama 69-3,L63,UPCOM,2016-10-06,,0.0,,2018,3,23,447326000000.0
6085,3109,6.1,6.1,6.1,6.1,0,0.0,0.0,0,0,0,0.0,6.1,0.0,0,Công ty Cổ phần Lilama 69-3,L63,UPCOM,2016-10-06,,0.0,,2018,3,26,270119000000.0
6084,3109,6.1,6.1,6.1,6.1,0,0.0,0.0,0,0,0,0.0,6.1,0.0,0,Công ty Cổ phần Lilama 69-3,L63,UPCOM,2016-10-06,,0.0,,2018,3,27,281355000000.0
6083,3109,6.1,6.1,6.1,6.1,0,0.0,0.0,0,0,0,0.0,6.1,0.0,0,Công ty Cổ phần Lilama 69-3,L63,UPCOM,2016-10-06,,0.0,,2018,3,28,289755000000.0
6082,3109,6.1,6.1,6.1,6.1,0,0.0,0.0,0,0,0,0.0,6.1,0.0,0,Công ty Cổ phần Lilama 69-3,L63,UPCOM,2016-10-06,,0.0,,2018,3,29,314292000000.0
6081,3109,6.1,6.1,6.1,6.1,0,0.0,0.0,0,0,0,0.0,6.1,0.0,0,Công ty Cổ phần Lilama 69-3,L63,UPCOM,2016-10-06,,0.0,,2018,3,30,407626000000.0
6080,3109,6.1,6.1,6.1,6.1,0,0.0,0.0,0,0,0,0.0,6.1,0.0,0,Công ty Cổ phần Lilama 69-3,L63,UPCOM,2016-10-06,,0.0,,2018,4,2,329476000000.0
6079,3109,6.1,6.1,6.1,6.1,0,0.0,0.0,0,0,0,0.0,6.1,0.0,0,Công ty Cổ phần Lilama 69-3,L63,UPCOM,2016-10-06,,0.0,,2018,4,3,341510000000.0
6078,3109,6.1,6.1,6.1,6.1,0,0.0,0.0,0,0,0,0.0,6.1,0.0,0,Công ty Cổ phần Lilama 69-3,L63,UPCOM,2016-10-06,,0.0,,2018,4,4,704106000000.0
6077,3109,6.1,6.1,6.1,6.1,0,0.0,0.0,0,0,0,0.0,6.1,0.0,0,Công ty Cổ phần Lilama 69-3,L63,UPCOM,2016-10-06,,0.0,,2018,4,5,482800000000.0
6076,3109,6.1,6.1,6.1,6.1,0,0.0,0.0,0,0,0,0.0,6.1,0.0,0,Công ty Cổ phần Lilama 69-3,L63,UPCOM,2016-10-06,,0.0,,2018,4,6,536442000000.0
6075,3109,6.1,6.1,6.1,6.1,0,0.0,0.0,0,0,0,0.0,6.1,0.0,0,Công ty Cổ phần Lilama 69-3,L63,UPCOM,2016-10-06,,0.0,,2018,4,9,471107000000.0
6074,3109,7.0,7.0,7.0,7.0,100,0.0,0.0,0,0,0,700000.0,7.0,0.9,0,Công ty Cổ phần Lilama 69-3,L63,UPCOM,2016-10-06,,0.0,,2018,4,10,482949000000.0
6073,3109,8.0,8.0,8.0,8.0,900,0.0,0.0,0,0,0,7200000.0,8.0,1.0,0,Công ty Cổ phần Lilama 69-3,L63,UPCOM,2016-10-06,,0.0,,2018,4,11,385171000000.0
6072,3109,9.2,9.2,9.2,9.2,180,0.0,0.0,0,0,0,1488000.0,9.2,1.2,0,Công ty Cổ phần Lilama 69-3,L63,UPCOM,2016-10-06,,0.0,,2018,4,12,337386000000.0
6071,3109,10.5,10.5,10.5,10.5,100,0.0,0.0,0,0,0,1050000.0,10.5,1.3,0,Công ty Cổ phần Lilama 69-3,L63,UPCOM,2016-10-06,,0.0,,2018,4,13,372955000000.0
6070,3109,10.5,10.5,10.5,10.5,0,0.0,0.0,0,0,0,0.0,10.5,0.0,0,Công ty Cổ phần Lilama 69-3,L63,UPCOM,2016-10-06,,0.0,,2018,4,16,329836000000.0
6069,3109,11.7,11.7,11.7,11.7,100,0.0,0.0,0,0,0,1170000.0,11.7,1.2,0,Công ty Cổ phần Lilama 69-3,L63,UPCOM,2016-10-06,,0.0,,2018,4,17,216690000000.0
6068,3109,10.0,10.0,10.0,10.0,100,0.0,0.0,0,0,0,1000000.0,10.0,-1.7,0,Công ty Cổ phần Lilama 69-3,L63,UPCOM,2016-10-06,,0.0,,2018,4,18,231110000000.0
6067,3109,10.0,10.0,10.0,10.0,0,0.0,0.0,0,0,0,0.0,10.0,0.0,0,Công ty Cổ phần Lilama 69-3,L63,UPCOM,2016-10-06,,0.0,,2018,4,19,298195000000.0
6066,3109,11.5,11.5,11.5,11.5,100,0.0,0.0,0,0,0,1150000.0,11.5,1.5,0,Công ty Cổ phần Lilama 69-3,L63,UPCOM,2016-10-06,,0.0,,2018,4,20,214424000000.0
6065,3109,11.5,11.5,11.5,11.5,0,0.0,0.0,0,0,0,0.0,11.5,0.0,0,Công ty Cổ phần Lilama 69-3,L63,UPCOM,2016-10-06,,0.0,,2018,4,23,260301000000.0
6064,3109,11.5,11.5,11.5,11.5,0,0.0,0.0,0,0,0,0.0,11.5,0.0,0,Công ty Cổ phần Lilama 69-3,L63,UPCOM,2016-10-06,,0.0,,2018,4,24,242296000000.0
6063,3109,9.8,9.8,9.8,9.8,100,0.0,0.0,0,0,0,980000.0,9.8,-1.7,0,Công ty Cổ phần Lilama 69-3,L63,UPCOM,2016-10-06,,0.0,,2018,4,26,291753000000.0
6062,3109,8.4,8.4,8.4,8.4,100,0.0,0.0,0,0,0,840000.0,8.4,-1.4,0,Công ty Cổ phần Lilama 69-3,L63,UPCOM,2016-10-06,,0.0,,2018,4,27,186712000000.0
6061,3109,7.2,7.2,7.2,7.2,100,0.0,0.0,0,0,0,720000.0,7.2,-1.2,0,Công ty Cổ phần Lilama 69-3,L63,UPCOM,2016-10-06,,0.0,,2018,5,2,161144000000.0
6060,3109,6.2,6.2,6.2,6.2,100,0.0,0.0,0,0,0,620000.0,6.2,-1.0,0,Công ty Cổ phần Lilama 69-3,L63,UPCOM,2016-10-06,,0.0,,2018,5,3,256732000000.0
6059,3109,6.2,6.2,6.2,6.2,0,0.0,0.0,0,0,0,0.0,6.2,0.0,0,Công ty Cổ phần Lilama 69-3,L63,UPCOM,2016-10-06,,0.0,,2018,5,4,180900000000.0
6058,3109,6.2,6.2,6.2,6.2,0,0.0,0.0,0,0,0,0.0,6.2,0.0,0,Công ty Cổ phần Lilama 69-3,L63,UPCOM,2016-10-06,,0.0,,2018,5,7,194639000000.0
6057,3109,6.2,6.2,6.2,6.2,0,0.0,0.0,0,0,0,0.0,6.2,0.0,0,Công ty Cổ phần Lilama 69-3,L63,UPCOM,2016-10-06,,0.0,,2018,5,8,213759000000.0
6056,3109,6.2,6.2,6.2,6.2,0,0.0,0.0,0,0,0,0.0,6.2,0.0,0,Công ty Cổ phần Lilama 69-3,L63,UPCOM,2016-10-06,,0.0,,2018,5,9,175642000000.0
6055,3109,6.2,6.2,6.2,6.2,0,0.0,0.0,0,0,0,0.0,6.2,0.0,0,Công ty Cổ phần Lilama 69-3,L63,UPCOM,2016-10-06,,0.0,,2018,5,10,252321000000.0
6054,3109,6.2,6.2,6.2,6.2,0,0.0,0.0,0,0,0,0.0,6.2,0.0,0,Công ty Cổ phần Lilama 69-3,L63,UPCOM,2016-10-06,,0.0,,2018,5,11,193978000000.0
6053,3109,6.2,6.2,6.2,6.2,0,0.0,0.0,0,0,0,0.0,6.2,0.0,0,Công ty Cổ phần Lilama 69-3,L63,UPCOM,2016-10-06,,0.0,,2018,5,14,171623000000.0
6052,3109,6.2,6.2,6.2,6.2,0,0.0,0.0,0,0,0,0.0,6.2,0.0,0,Công ty Cổ phần Lilama 69-3,L63,UPCOM,2016-10-06,,0.0,,2018,5,15,205476000000.0
6051,3109,6.2,6.2,6.2,6.2,0,0.0,0.0,0,0,0,0.0,6.2,0.0,0,Công ty Cổ phần Lilama 69-3,L63,UPCOM,2016-10-06,,0.0,,2018,5,16,168488000000.0
6050,3109,6.2,6.2,6.2,6.2,0,0.0,0.0,0,0,0,0.0,6.2,0.0,0,Công ty Cổ phần Lilama 69-3,L63,UPCOM,2016-10-06,,0.0,,2018,5,17,164163000000.0
6049,3109,6.2,6.2,6.2,6.2,0,0.0,0.0,0,0,0,0.0,6.2,0.0,0,Công ty Cổ phần Lilama 69-3,L63,UPCOM,2016-10-06,,0.0,,2018,5,18,229686000000.0
6048,3109,6.2,6.2,6.2,6.2,0,0.0,0.0,0,0,0,0.0,6.2,0.0,0,Công ty Cổ phần Lilama 69-3,L63,UPCOM,2016-10-06,,0.0,,2018,5,21,207402000000.0
6047,3109,6.2,6.2,6.2,6.2,0,0.0,0.0,0,0,0,0.0,6.2,0.0,0,Công ty Cổ phần Lilama 69-3,L63,UPCOM,2016-10-06,,0.0,,2018,5,22,254917000000.0
6046,3109,7.1,7.1,7.1,7.1,3400,0.0,0.0,0,0,0,24140000.0,7.1,0.9,0,Công ty Cổ phần Lilama 69-3,L63,UPCOM,2016-10-06,,0.0,,2018,5,23,163972000000.0
6045,3109,7.1,7.1,7.1,7.1,52,0.0,0.0,0,0,0,322400.0,7.1,0.0,0,Công ty Cổ phần Lilama 69-3,L63,UPCOM,2016-10-06,,0.0,,2018,5,24,103130000000.0
6044,3109,7.1,7.1,7.1,7.1,0,0.0,0.0,0,0,0,0.0,7.1,0.0,0,Công ty Cổ phần Lilama 69-3,L63,UPCOM,2016-10-06,,0.0,,2018,5,25,154236000000.0
6043,3109,7.1,7.1,7.1,7.1,0,0.0,0.0,0,0,0,0.0,7.1,0.0,0,Công ty Cổ phần Lilama 69-3,L63,UPCOM,2016-10-06,,0.0,,2018,5,28,212525000000.0
6042,3109,7.1,7.1,7.1,7.1,0,0.0,0.0,0,0,0,0.0,7.1,0.0,0,Công ty Cổ phần Lilama 69-3,L63,UPCOM,2016-10-06,,0.0,,2018,5,29,181066000000.0
6041,3109,7.1,7.1,7.1,7.1,0,0.0,0.0,0,0,0,0.0,7.1,0.0,0,Công ty Cổ phần Lilama 69-3,L63,UPCOM,2016-10-06,,0.0,,2018,5,30,108042000000.0
6040,3109,7.1,7.1,7.1,7.1,0,0.0,0.0,0,0,0,0.0,7.1,0.0,0,Công ty Cổ phần Lilama 69-3,L63,UPCOM,2016-10-06,,0.0,,2018,5,31,165076000000.0
6039,3109,7.1,7.1,7.1,7.1,0,0.0,0.0,0,0,0,0.0,7.1,0.0,0,Công ty Cổ phần Lilama 69-3,L63,UPCOM,2016-10-06,,0.0,,2018,6,1,141279000000.0
6038,3109,7.1,7.1,7.1,7.1,0,0.0,0.0,0,0,0,0.0,7.1,0.0,0,Công ty Cổ phần Lilama 69-3,L63,UPCOM,2016-10-06,,0.0,,2018,6,4,167155000000.0
6037,3109,7.1,7.1,7.1,7.1,0,0.0,0.0,0,0,0,0.0,7.1,0.0,0,Công ty Cổ phần Lilama 69-3,L63,UPCOM,2016-10-06,,0.0,,2018,6,5,241775000000.0
6036,3109,7.1,7.1,7.1,7.1,0,0.0,0.0,0,0,0,0.0,7.1,0.0,0,Công ty Cổ phần Lilama 69-3,L63,UPCOM,2016-10-06,,0.0,,2018,6,6,158988000000.0
6035,3109,7.1,7.1,7.1,7.1,0,0.0,0.0,0,0,0,0.0,7.1,0.0,0,Công ty Cổ phần Lilama 69-3,L63,UPCOM,2016-10-06,,0.0,,2018,6,7,185739000000.0
6034,3109,7.1,7.1,7.1,7.1,0,0.0,0.0,0,0,0,0.0,7.1,0.0,0,Công ty Cổ phần Lilama 69-3,L63,UPCOM,2016-10-06,,0.0,,2018,6,8,221609000000.0
6033,3109,7.1,7.1,7.1,7.1,0,0.0,0.0,0,0,0,0.0,7.1,0.0,0,Công ty Cổ phần Lilama 69-3,L63,UPCOM,2016-10-06,,0.0,,2018,6,11,154396000000.0
6032,3109,7.1,7.1,7.1,7.1,0,0.0,0.0,0,0,0,0.0,7.1,0.0,0,Công ty Cổ phần Lilama 69-3,L63,UPCOM,2016-10-06,,0.0,,2018,6,12,153771000000.0
6031,3109,7.1,7.1,7.1,7.1,0,0.0,0.0,0,0,0,0.0,7.1,0.0,0,Công ty Cổ phần Lilama 69-3,L63,UPCOM,2016-10-06,,0.0,,2018,6,13,105797000000.0
6030,3109,7.1,7.1,7.1,7.1,100,0.0,0.0,0,0,0,710000.0,7.1,0.0,0,Công ty Cổ phần Lilama 69-3,L63,UPCOM,2016-10-06,,0.0,,2018,6,14,111600000000.0
6029,3109,7.1,7.1,7.1,7.1,0,0.0,0.0,0,0,0,0.0,7.1,0.0,0,Công ty Cổ phần Lilama 69-3,L63,UPCOM,2016-10-06,,0.0,,2018,6,15,99085100000.0
6028,3109,7.1,7.1,7.1,7.1,0,0.0,0.0,0,0,0,0.0,7.1,0.0,0,Công ty Cổ phần Lilama 69-3,L63,UPCOM,2016-10-06,,0.0,,2018,6,18,142619000000.0
6027,3109,6.1,6.1,6.1,6.1,4000,0.0,0.0,0,0,0,24400000.0,6.1,-1.0,0,Công ty Cổ phần Lilama 69-3,L63,UPCOM,2016-10-06,,0.0,,2018,6,19,228273000000.0
6026,3109,7.0,7.0,7.0,7.0,1700,0.0,0.0,0,0,0,11900000.0,7.0,0.9,0,Công ty Cổ phần Lilama 69-3,L63,UPCOM,2016-10-06,,0.0,,2018,6,20,121509000000.0
6025,3109,7.0,7.0,7.0,7.0,0,0.0,0.0,0,0,0,0.0,7.0,0.0,0,Công ty Cổ phần Lilama 69-3,L63,UPCOM,2016-10-06,,0.0,,2018,6,21,160408000000.0
6024,3109,7.0,7.0,7.0,7.0,0,0.0,0.0,0,0,0,0.0,7.0,0.0,0,Công ty Cổ phần Lilama 69-3,L63,UPCOM,2016-10-06,,0.0,,2018,6,22,121960000000.0
6023,3109,7.0,7.0,7.0,7.0,0,0.0,0.0,0,0,0,0.0,7.0,0.0,0,Công ty Cổ phần Lilama 69-3,L63,UPCOM,2016-10-06,,0.0,,2018,6,25,136070000000.0
6022,3109,7.0,7.0,7.0,7.0,0,0.0,0.0,0,0,0,0.0,7.0,0.0,0,Công ty Cổ phần Lilama 69-3,L63,UPCOM,2016-10-06,,0.0,,2018,6,26,139221000000.0
6021,3109,7.0,7.0,7.0,7.0,0,0.0,0.0,0,0,0,0.0,7.0,0.0,0,Công ty Cổ phần Lilama 69-3,L63,UPCOM,2016-10-06,,0.0,,2018,6,27,163549000000.0
6020,3109,7.0,7.0,7.0,7.0,0,0.0,0.0,0,0,0,0.0,7.0,0.0,0,Công ty Cổ phần Lilama 69-3,L63,UPCOM,2016-10-06,,0.0,,2018,6,28,171898000000.0
6019,3109,7.1,7.1,7.1,7.1,5001,0.0,0.0,0,0,0,35507000.0,7.1,0.1,0,Công ty Cổ phần Lilama 69-3,L63,UPCOM,2016-10-06,,0.0,,2018,6,29,181743000000.0
6018,3109,7.1,7.1,7.1,7.1,1200,0.0,0.0,0,0,0,8520000.0,7.1,0.0,0,Công ty Cổ phần Lilama 69-3,L63,UPCOM,2016-10-06,,0.0,,2018,7,2,164764000000.0
6017,3109,7.1,7.1,7.1,7.1,10,0.0,0.0,0,0,0,80000.0,7.1,0.0,0,Công ty Cổ phần Lilama 69-3,L63,UPCOM,2016-10-06,,0.0,,2018,7,3,167381000000.0
6016,3109,7.1,7.1,7.1,7.1,0,0.0,0.0,0,0,0,0.0,7.1,0.0,0,Công ty Cổ phần Lilama 69-3,L63,UPCOM,2016-10-06,,0.0,,2018,7,4,147582000000.0
6015,3109,7.1,7.1,7.1,7.1,0,0.0,0.0,0,0,0,0.0,7.1,0.0,0,Công ty Cổ phần Lilama 69-3,L63,UPCOM,2016-10-06,,0.0,,2018,7,5,164668000000.0
6014,3109,7.1,7.1,7.1,7.1,0,0.0,0.0,0,0,0,0.0,7.1,0.0,0,Công ty Cổ phần Lilama 69-3,L63,UPCOM,2016-10-06,,0.0,,2018,7,6,142097000000.0
6013,3109,7.1,7.1,7.1,7.1,0,0.0,0.0,0,0,0,0.0,7.1,0.0,0,Công ty Cổ phần Lilama 69-3,L63,UPCOM,2016-10-06,,0.0,,2018,7,9,123769000000.0
6012,3109,7.1,7.1,7.1,7.1,0,0.0,0.0,0,0,0,0.0,7.1,0.0,0,Công ty Cổ phần Lilama 69-3,L63,UPCOM,2016-10-06,,0.0,,2018,7,10,141183000000.0
6011,3109,7.1,7.1,7.1,7.1,0,0.0,0.0,0,0,0,0.0,7.1,0.0,0,Công ty Cổ phần Lilama 69-3,L63,UPCOM,2016-10-06,,0.0,,2018,7,11,203716000000.0
6010,3109,7.1,7.1,7.1,7.1,0,0.0,0.0,0,0,0,0.0,7.1,0.0,0,Công ty Cổ phần Lilama 69-3,L63,UPCOM,2016-10-06,,0.0,,2018,7,12,138282000000.0
6009,3109,7.1,7.1,7.1,7.1,0,0.0,0.0,0,0,0,0.0,7.1,0.0,0,Công ty Cổ phần Lilama 69-3,L63,UPCOM,2016-10-06,,0.0,,2018,7,13,132050000000.0
6008,3109,7.1,7.1,7.1,7.1,0,0.0,0.0,0,0,0,0.0,7.1,0.0,0,Công ty Cổ phần Lilama 69-3,L63,UPCOM,2016-10-06,,0.0,,2018,7,16,119523000000.0
6007,3109,8.1,8.1,8.1,8.1,5900,0.0,0.0,0,0,0,47790000.0,8.1,1.0,0,Công ty Cổ phần Lilama 69-3,L63,UPCOM,2016-10-06,,0.0,,2018,7,17,100077000000.0
6006,3109,8.1,8.1,8.1,8.1,0,0.0,0.0,0,0,0,0.0,8.1,0.0,0,Công ty Cổ phần Lilama 69-3,L63,UPCOM,2016-10-06,,0.0,,2018,7,18,165487000000.0
6005,3109,7.5,7.5,7.5,7.5,2000,0.0,0.0,0,0,0,15000000.0,7.5,-0.6,0,Công ty Cổ phần Lilama 69-3,L63,UPCOM,2016-10-06,,0.0,,2018,7,19,204805000000.0
6004,3109,6.6,6.6,6.6,6.6,500,0.0,0.0,0,0,0,3300000.0,6.6,-0.9,0,Công ty Cổ phần Lilama 69-3,L63,UPCOM,2016-10-06,,0.0,,2018,7,20,153693000000.0
6003,3109,6.6,6.6,6.6,6.6,0,0.0,0.0,0,0,0,0.0,6.6,0.0,0,Công ty Cổ phần Lilama 69-3,L63,UPCOM,2016-10-06,,0.0,,2018,7,23,228656000000.0
6002,3109,6.6,6.6,6.6,6.6,0,0.0,0.0,0,0,0,0.0,6.6,0.0,0,Công ty Cổ phần Lilama 69-3,L63,UPCOM,2016-10-06,,0.0,,2018,7,24,157257000000.0
6001,3109,6.6,6.6,6.6,6.6,0,0.0,0.0,0,0,0,0.0,6.6,0.0,0,Công ty Cổ phần Lilama 69-3,L63,UPCOM,2016-10-06,,0.0,,2018,7,25,153545000000.0
6000,3109,7.0,7.0,7.0,7.0,100,0.0,0.0,0,0,0,700000.0,7.0,0.4,0,Công ty Cổ phần Lilama 69-3,L63,UPCOM,2016-10-06,,0.0,,2018,7,26,104518000000.0
5999,3109,7.0,7.0,7.0,7.0,0,0.0,0.0,0,0,0,0.0,7.0,0.0,0,Công ty Cổ phần Lilama 69-3,L63,UPCOM,2016-10-06,,0.0,,2018,7,27,191445000000.0
5998,3109,7.0,7.0,7.0,7.0,0,0.0,0.0,0,0,0,0.0,7.0,0.0,0,Công ty Cổ phần Lilama 69-3,L63,UPCOM,2016-10-06,,0.0,,2018,7,30,205015000000.0
5997,3109,7.0,7.0,7.0,7.0,0,0.0,0.0,0,0,0,0.0,7.0,0.0,0,Công ty Cổ phần Lilama 69-3,L63,UPCOM,2016-10-06,,0.0,,2018,7,31,176346000000.0
5996,3109,7.0,7.0,7.0,7.0,0,0.0,0.0,0,0,0,0.0,7.0,0.0,0,Công ty Cổ phần Lilama 69-3,L63,UPCOM,2016-10-06,,0.0,,2018,8,1,259236000000.0
5995,3109,7.0,7.0,7.0,7.0,0,0.0,0.0,0,0,0,0.0,7.0,0.0,0,Công ty Cổ phần Lilama 69-3,L63,UPCOM,2016-10-06,,0.0,,2018,8,2,272125000000.0
5994,3109,7.0,7.0,7.0,7.0,0,0.0,0.0,0,0,0,0.0,7.0,0.0,0,Công ty Cổ phần Lilama 69-3,L63,UPCOM,2016-10-06,,0.0,,2018,8,3,271474000000.0
5993,3109,7.0,7.0,7.0,7.0,0,0.0,0.0,0,0,0,0.0,7.0,0.0,0,Công ty Cổ phần Lilama 69-3,L63,UPCOM,2016-10-06,,0.0,,2018,8,6,257771000000.0
5992,3109,7.0,7.0,7.0,7.0,0,0.0,0.0,0,0,0,0.0,7.0,0.0,0,Công ty Cổ phần Lilama 69-3,L63,UPCOM,2016-10-06,,0.0,,2018,8,7,201054000000.0
5991,3109,8.0,6.0,8.0,6.0,12100,0.0,0.0,0,0,0,96600000.0,6.0,-1.0,0,Công ty Cổ phần Lilama 69-3,L63,UPCOM,2016-10-06,,0.0,,2018,8,8,282224000000.0
5990,3109,7.0,7.0,7.0,7.0,100,0.0,0.0,0,0,0,700000.0,7.0,-1.0,0,Công ty Cổ phần Lilama 69-3,L63,UPCOM,2016-10-06,,0.0,,2018,8,9,348608000000.0
5989,3109,7.0,7.0,7.0,7.0,0,0.0,0.0,0,0,0,0.0,7.0,0.0,0,Công ty Cổ phần Lilama 69-3,L63,UPCOM,2016-10-06,,0.0,,2018,8,10,171079000000.0
5988,3109,7.0,7.0,7.0,7.0,0,0.0,0.0,0,0,0,0.0,7.0,0.0,0,Công ty Cổ phần Lilama 69-3,L63,UPCOM,2016-10-06,,0.0,,2018,8,13,233490000000.0
5987,3109,7.0,7.0,7.0,7.0,0,0.0,0.0,0,0,0,0.0,7.0,0.0,0,Công ty Cổ phần Lilama 69-3,L63,UPCOM,2016-10-06,,0.0,,2018,8,14,237380000000.0
5986,3109,7.0,7.0,7.0,7.0,0,0.0,0.0,0,0,0,0.0,7.0,0.0,0,Công ty Cổ phần Lilama 69-3,L63,UPCOM,2016-10-06,,0.0,,2018,8,15,305094000000.0
5985,3109,7.0,7.0,7.0,7.0,0,0.0,0.0,0,0,0,0.0,7.0,0.0,0,Công ty Cổ phần Lilama 69-3,L63,UPCOM,2016-10-06,,0.0,,2018,8,16,239287000000.0
5984,3109,7.0,7.0,7.0,7.0,0,0.0,0.0,0,0,0,0.0,7.0,0.0,0,Công ty Cổ phần Lilama 69-3,L63,UPCOM,2016-10-06,,0.0,,2018,8,17,199548000000.0
5983,3109,7.0,7.0,7.0,7.0,0,0.0,0.0,0,0,0,0.0,7.0,0.0,0,Công ty Cổ phần Lilama 69-3,L63,UPCOM,2016-10-06,,0.0,,2018,8,20,220682000000.0
5982,3109,7.0,7.0,7.0,7.0,0,0.0,0.0,0,0,0,0.0,7.0,0.0,0,Công ty Cổ phần Lilama 69-3,L63,UPCOM,2016-10-06,,0.0,,2018,8,21,191868000000.0
5981,3109,7.0,7.0,7.0,7.0,0,0.0,0.0,0,0,0,0.0,7.0,0.0,0,Công ty Cổ phần Lilama 69-3,L63,UPCOM,2016-10-06,,0.0,,2018,8,22,164132000000.0
5980,3109,7.0,7.0,7.0,7.0,0,0.0,0.0,0,0,0,0.0,7.0,0.0,0,Công ty Cổ phần Lilama 69-3,L63,UPCOM,2016-10-06,,0.0,,2018,8,23,168431000000.0
5979,3109,7.0,7.0,7.0,7.0,0,0.0,0.0,0,0,0,0.0,7.0,0.0,0,Công ty Cổ phần Lilama 69-3,L63,UPCOM,2016-10-06,,0.0,,2018,8,24,147144000000.0
5978,3109,7.0,7.0,7.0,7.0,0,0.0,0.0,0,0,0,0.0,7.0,0.0,0,Công ty Cổ phần Lilama 69-3,L63,UPCOM,2016-10-06,,0.0,,2018,8,27,177376000000.0
5977,3109,7.0,7.0,7.0,7.0,0,0.0,0.0,0,0,0,0.0,7.0,0.0,0,Công ty Cổ phần Lilama 69-3,L63,UPCOM,2016-10-06,,0.0,,2018,8,28,153095000000.0
5976,3109,7.0,7.0,7.0,7.0,0,0.0,0.0,0,0,0,0.0,7.0,0.0,0,Công ty Cổ phần Lilama 69-3,L63,UPCOM,2016-10-06,,0.0,,2018,8,29,198209000000.0
5975,3109,7.0,7.0,7.0,7.0,0,0.0,0.0,0,0,0,0.0,7.0,0.0,0,Công ty Cổ phần Lilama 69-3,L63,UPCOM,2016-10-06,,0.0,,2018,8,30,214836000000.0
5974,3109,7.0,7.0,7.0,7.0,0,0.0,0.0,0,0,0,0.0,7.0,0.0,0,Công ty Cổ phần Lilama 69-3,L63,UPCOM,2016-10-06,,0.0,,2018,8,31,256179000000.0
5973,3109,7.0,7.0,7.0,7.0,0,0.0,0.0,0,0,0,0.0,7.0,0.0,0,Công ty Cổ phần Lilama 69-3,L63,UPCOM,2016-10-06,,0.0,,2018,9,4,162057000000.0
5972,3109,7.0,7.0,7.0,7.0,0,0.0,0.0,0,0,0,0.0,7.0,0.0,0,Công ty Cổ phần Lilama 69-3,L63,UPCOM,2016-10-06,,0.0,,2018,9,5,165489000000.0
5971,3109,7.0,7.0,7.0,7.0,0,0.0,0.0,0,0,0,0.0,7.0,0.0,0,Công ty Cổ phần Lilama 69-3,L63,UPCOM,2016-10-06,,0.0,,2018,9,6,140383000000.0
5970,3109,7.0,7.0,7.0,7.0,0,0.0,0.0,0,0,0,0.0,7.0,0.0,0,Công ty Cổ phần Lilama 69-3,L63,UPCOM,2016-10-06,,0.0,,2018,9,7,164869000000.0
5969,3109,7.0,7.0,7.0,7.0,0,0.0,0.0,0,0,0,0.0,7.0,0.0,0,Công ty Cổ phần Lilama 69-3,L63,UPCOM,2016-10-06,,0.0,,2018,9,10,153000000000.0
5968,3109,7.0,7.0,7.0,7.0,0,0.0,0.0,0,0,0,0.0,7.0,0.0,0,Công ty Cổ phần Lilama 69-3,L63,UPCOM,2016-10-06,,0.0,,2018,9,11,231000000000.0
5967,3109,8.0,8.0,8.0,8.0,8611,0.0,0.0,0,0,0,68868000.0,8.0,1.0,0,Công ty Cổ phần Lilama 69-3,L63,UPCOM,2016-10-06,,0.0,,2018,9,12,245491000000.0
5966,3109,7.5,7.5,7.5,7.5,534,0.0,0.0,0,0,0,3991400.0,7.5,-0.5,0,Công ty Cổ phần Lilama 69-3,L63,UPCOM,2016-10-06,,0.0,,2018,9,13,196000000000.0
5965,3109,7.5,7.5,7.5,7.5,0,0.0,0.0,0,0,0,0.0,7.5,0.0,0,Công ty Cổ phần Lilama 69-3,L63,UPCOM,2016-10-06,,0.0,,2018,9,14,193550000000.0
5964,3109,8.0,8.0,8.0,8.0,3710,0.0,0.0,0,0,0,29664000.0,8.0,0.5,0,Công ty Cổ phần Lilama 69-3,L63,UPCOM,2016-10-06,,0.0,,2018,9,17,210344000000.0
session_id,stock_id,open_price,close_price,high_price,low_price,volume_detail,ceiling_price,floor_price,buy_volume,sell_volume,net_volume,matched_value,adjust_price,change_percent,outstanding_share,name,code,stock_space,join_date,leave_date,init_price,category,year,month,day_of_month,volume_session
6230,3109,5.5,5.5,5.5,5.5,0,0.0,0.0,0,0,0,0.0,4.88,0.0,0,Công ty Cổ phần Lilama 69-3,L63,UPCOM,2016-10-06,,0.0,,2017,8,21,87176800000.0
6229,3109,5.5,5.5,5.5,5.5,0,0.0,0.0,0,0,0,0.0,4.88,0.0,0,Công ty Cổ phần Lilama 69-3,L63,UPCOM,2016-10-06,,0.0,,2017,8,22,108140000000.0
6228,3109,5.5,5.5,5.5,5.5,0,0.0,0.0,0,0,0,0.0,4.88,0.0,0,Công ty Cổ phần Lilama 69-3,L63,UPCOM,2016-10-06,,0.0,,2017,8,23,73028800000.0
6227,3109,5.5,5.5,5.5,5.5,0,0.0,0.0,0,0,0,0.0,4.88,0.0,0,Công ty Cổ phần Lilama 69-3,L63,UPCOM,2016-10-06,,0.0,,2017,8,24,107417000000.0
6226,3109,5.5,5.5,5.5,5.5,0,0.0,0.0,0,0,0,0.0,4.88,0.0,0,Công ty Cổ phần Lilama 69-3,L63,UPCOM,2016-10-06,,0.0,,2017,8,25,141757000000.0
6225,3109,5.5,5.5,5.5,5.5,1500,0.0,0.0,0,0,0,8250000.0,4.88,0.0,0,Công ty Cổ phần Lilama 69-3,L63,UPCOM,2016-10-06,,0.0,,2017,8,28,214553000000.0
6224,3109,5.5,5.5,5.5,5.5,0,0.0,0.0,0,0,0,0.0,4.88,0.0,0,Công ty Cổ phần Lilama 69-3,L63,UPCOM,2016-10-06,,0.0,,2017,8,29,102884000000.0
6223,3109,5.5,5.5,5.5,5.5,0,0.0,0.0,0,0,0,0.0,4.88,0.0,0,Công ty Cổ phần Lilama 69-3,L63,UPCOM,2016-10-06,,0.0,,2017,8,30,172284000000.0
6222,3109,5.5,5.5,5.5,5.5,0,0.0,0.0,0,0,0,0.0,4.88,0.0,0,Công ty Cổ phần Lilama 69-3,L63,UPCOM,2016-10-06,,0.0,,2017,8,31,147215000000.0
6221,3109,5.5,5.5,5.5,5.5,0,0.0,0.0,0,0,0,0.0,4.88,0.0,0,Công ty Cổ phần Lilama 69-3,L63,UPCOM,2016-10-06,,0.0,,2017,9,1,125900000000.0
6220,3109,5.5,5.5,5.5,5.5,0,0.0,0.0,0,0,0,0.0,4.88,0.0,0,Công ty Cổ phần Lilama 69-3,L63,UPCOM,2016-10-06,,0.0,,2017,9,5,165262000000.0
6219,3109,5.0,5.0,5.0,5.0,500,0.0,0.0,0,0,0,2500000.0,4.43,-0.5,0,Công ty Cổ phần Lilama 69-3,L63,UPCOM,2016-10-06,,0.0,,2017,9,7,172939000000.0
6218,3109,5.0,5.0,5.0,5.0,0,0.0,0.0,0,0,0,0.0,4.43,0.0,0,Công ty Cổ phần Lilama 69-3,L63,UPCOM,2016-10-06,,0.0,,2017,9,8,103955000000.0
6217,3109,5.0,5.0,5.0,5.0,7,0.0,0.0,0,0,0,30800.0,4.43,0.0,0,Công ty Cổ phần Lilama 69-3,L63,UPCOM,2016-10-06,,0.0,,2017,9,12,140547000000.0
6216,3109,5.0,5.0,5.0,5.0,0,0.0,0.0,0,0,0,0.0,4.43,0.0,0,Công ty Cổ phần Lilama 69-3,L63,UPCOM,2016-10-06,,0.0,,2017,9,13,115703000000.0
6215,3109,5.0,5.0,5.0,5.0,0,0.0,0.0,0,0,0,0.0,4.43,0.0,0,Công ty Cổ phần Lilama 69-3,L63,UPCOM,2016-10-06,,0.0,,2017,9,14,88862500000.0
6214,3109,5.0,5.0,5.0,5.0,0,0.0,0.0,0,0,0,0.0,4.43,0.0,0,Công ty Cổ phần Lilama 69-3,L63,UPCOM,2016-10-06,,0.0,,2017,9,15,116406000000.0
6213,3109,4.7,4.7,4.7,4.7,0,0.0,0.0,0,0,0,0.0,4.43,0.0,0,Công ty Cổ phần Lilama 69-3,L63,UPCOM,2016-10-06,,0.0,,2017,9,18,132131000000.0
6212,3109,4.7,4.7,4.7,4.7,0,0.0,0.0,0,0,0,0.0,4.43,0.0,0,Công ty Cổ phần Lilama 69-3,L63,UPCOM,2016-10-06,,0.0,,2017,9,19,123471000000.0
6211,3109,4.7,4.7,4.7,4.7,0,0.0,0.0,0,0,0,0.0,4.43,0.0,0,Công ty Cổ phần Lilama 69-3,L63,UPCOM,2016-10-06,,0.0,,2017,9,20,140256000000.0
6210,3109,4.7,4.7,4.7,4.7,0,0.0,0.0,0,0,0,0.0,4.43,0.0,0,Công ty Cổ phần Lilama 69-3,L63,UPCOM,2016-10-06,,0.0,,2017,9,21,105093000000.0
6209,3109,4.7,4.7,4.7,4.7,0,0.0,0.0,0,0,0,0.0,4.43,0.0,0,Công ty Cổ phần Lilama 69-3,L63,UPCOM,2016-10-06,,0.0,,2017,9,22,123569000000.0
6208,3109,4.7,4.7,4.7,4.7,0,0.0,0.0,0,0,0,0.0,4.43,0.0,0,Công ty Cổ phần Lilama 69-3,L63,UPCOM,2016-10-06,,0.0,,2017,9,25,114079000000.0
6207,3109,4.7,4.7,4.7,4.7,0,0.0,0.0,0,0,0,0.0,4.43,0.0,0,Công ty Cổ phần Lilama 69-3,L63,UPCOM,2016-10-06,,0.0,,2017,9,26,85419900000.0
6206,3109,4.7,4.7,4.7,4.7,0,0.0,0.0,0,0,0,0.0,4.43,0.0,0,Công ty Cổ phần Lilama 69-3,L63,UPCOM,2016-10-06,,0.0,,2017,9,27,97640800000.0
6205,3109,4.7,4.7,4.7,4.7,0,0.0,0.0,0,0,0,0.0,4.43,0.0,0,Công ty Cổ phần Lilama 69-3,L63,UPCOM,2016-10-06,,0.0,,2017,9,28,168701000000.0
6204,3109,4.7,4.7,4.7,4.7,0,0.0,0.0,0,0,0,0.0,4.43,0.0,0,Công ty Cổ phần Lilama 69-3,L63,UPCOM,2016-10-06,,0.0,,2017,9,29,131390000000.0
6203,3109,4.7,4.7,4.7,4.7,0,0.0,0.0,0,0,0,0.0,4.43,0.0,0,Công ty Cổ phần Lilama 69-3,L63,UPCOM,2016-10-06,,0.0,,2017,10,2,150262000000.0
6202,3109,4.7,4.7,4.7,4.7,0,0.0,0.0,0,0,0,0.0,4.43,0.0,0,Công ty Cổ phần Lilama 69-3,L63,UPCOM,2016-10-06,,0.0,,2017,10,3,171955000000.0
6201,3109,4.7,4.7,4.7,4.7,0,0.0,0.0,0,0,0,0.0,4.43,0.0,0,Công ty Cổ phần Lilama 69-3,L63,UPCOM,2016-10-06,,0.0,,2017,10,4,136850000000.0
6200,3109,4.7,4.7,4.7,4.7,0,0.0,0.0,0,0,0,0.0,4.43,0.0,0,Công ty Cổ phần Lilama 69-3,L63,UPCOM,2016-10-06,,0.0,,2017,10,5,241375000000.0
6199,3109,5.0,5.0,5.0,5.0,200,0.0,0.0,0,0,0,1000000.0,4.72,0.3,0,Công ty Cổ phần Lilama 69-3,L63,UPCOM,2016-10-06,,0.0,,2017,10,6,142710000000.0
6198,3109,5.0,5.0,5.0,5.0,0,0.0,0.0,0,0,0,0.0,4.72,0.0,0,Công ty Cổ phần Lilama 69-3,L63,UPCOM,2016-10-06,,0.0,,2017,10,9,123044000000.0
6197,3109,5.0,5.0,5.0,5.0,0,0.0,0.0,0,0,0,0.0,4.72,0.0,0,Công ty Cổ phần Lilama 69-3,L63,UPCOM,2016-10-06,,0.0,,2017,10,10,191578000000.0
6196,3109,5.0,5.0,5.0,5.0,40,0.0,0.0,0,0,0,172000.0,4.72,0.0,0,Công ty Cổ phần Lilama 69-3,L63,UPCOM,2016-10-06,,0.0,,2017,10,11,231119000000.0
6195,3109,5.0,5.0,5.0,5.0,75,0.0,0.0,0,0,0,322500.0,4.72,0.0,0,Công ty Cổ phần Lilama 69-3,L63,UPCOM,2016-10-06,,0.0,,2017,10,12,237774000000.0
6194,3109,5.0,5.0,5.0,5.0,0,0.0,0.0,0,0,0,0.0,4.72,0.0,0,Công ty Cổ phần Lilama 69-3,L63,UPCOM,2016-10-06,,0.0,,2017,10,13,178011000000.0
6193,3109,5.0,5.0,5.0,5.0,0,0.0,0.0,0,0,0,0.0,4.72,0.0,0,Công ty Cổ phần Lilama 69-3,L63,UPCOM,2016-10-06,,0.0,,2017,10,16,419847000000.0
6192,3109,5.0,5.0,5.0,5.0,0,0.0,0.0,0,0,0,0.0,4.72,0.0,0,Công ty Cổ phần Lilama 69-3,L63,UPCOM,2016-10-06,,0.0,,2017,10,18,178005000000.0
6191,3109,5.5,5.5,5.5,5.5,100,0.0,0.0,0,0,0,550000.0,5.19,0.5,0,Công ty Cổ phần Lilama 69-3,L63,UPCOM,2016-10-06,,0.0,,2017,10,19,166331000000.0
6190,3109,5.5,5.5,5.5,5.5,0,0.0,0.0,0,0,0,0.0,5.19,0.0,0,Công ty Cổ phần Lilama 69-3,L63,UPCOM,2016-10-06,,0.0,,2017,10,20,132926000000.0
6189,3109,5.5,5.5,5.5,5.5,0,0.0,0.0,0,0,0,0.0,5.19,0.0,0,Công ty Cổ phần Lilama 69-3,L63,UPCOM,2016-10-06,,0.0,,2017,10,23,396730000000.0
6188,3109,5.5,5.5,5.5,5.5,0,0.0,0.0,0,0,0,0.0,5.19,0.0,0,Công ty Cổ phần Lilama 69-3,L63,UPCOM,2016-10-06,,0.0,,2017,10,24,145272000000.0
6187,3109,5.5,5.5,5.5,5.5,0,0.0,0.0,0,0,0,0.0,5.19,0.0,0,Công ty Cổ phần Lilama 69-3,L63,UPCOM,2016-10-06,,0.0,,2017,10,25,206876000000.0
6186,3109,5.5,5.5,5.5,5.5,0,0.0,0.0,0,0,0,0.0,5.19,0.0,0,Công ty Cổ phần Lilama 69-3,L63,UPCOM,2016-10-06,,0.0,,2017,10,26,239538000000.0
6185,3109,5.5,5.5,5.5,5.5,0,0.0,0.0,0,0,0,0.0,5.19,0.0,0,Công ty Cổ phần Lilama 69-3,L63,UPCOM,2016-10-06,,0.0,,2017,10,27,142275000000.0
6184,3109,5.5,5.5,5.5,5.5,0,0.0,0.0,0,0,0,0.0,5.19,0.0,0,Công ty Cổ phần Lilama 69-3,L63,UPCOM,2016-10-06,,0.0,,2017,10,30,168000000000.0
6183,3109,5.5,5.5,5.5,5.5,0,0.0,0.0,0,0,0,0.0,5.19,0.0,0,Công ty Cổ phần Lilama 69-3,L63,UPCOM,2016-10-06,,0.0,,2017,10,31,141324000000.0
6182,3109,5.5,5.5,5.5,5.5,0,0.0,0.0,0,0,0,0.0,5.19,0.0,0,Công ty Cổ phần Lilama 69-3,L63,UPCOM,2016-10-06,,0.0,,2017,11,1,128711000000.0
6181,3109,5.5,5.5,5.5,5.5,0,0.0,0.0,0,0,0,0.0,5.19,0.0,0,Công ty Cổ phần Lilama 69-3,L63,UPCOM,2016-10-06,,0.0,,2017,11,2,158415000000.0
6180,3109,5.5,5.5,5.5,5.5,0,0.0,0.0,0,0,0,0.0,5.19,0.0,0,Công ty Cổ phần Lilama 69-3,L63,UPCOM,2016-10-06,,0.0,,2017,11,3,179591000000.0
6179,3109,5.5,5.5,5.5,5.5,0,0.0,0.0,0,0,0,0.0,5.19,0.0,0,Công ty Cổ phần Lilama 69-3,L63,UPCOM,2016-10-06,,0.0,,2017,11,6,149426000000.0
6178,3109,5.5,5.5,5.5,5.5,0,0.0,0.0,0,0,0,0.0,5.19,0.0,0,Công ty Cổ phần Lilama 69-3,L63,UPCOM,2016-10-06,,0.0,,2017,11,7,165140000000.0
6177,3109,5.5,5.5,5.5,5.5,0,0.0,0.0,0,0,0,0.0,5.19,0.0,0,Công ty Cổ phần Lilama 69-3,L63,UPCOM,2016-10-06,,0.0,,2017,11,8,169149000000.0
6176,3109,5.5,5.5,5.5,5.5,0,0.0,0.0,0,0,0,0.0,5.19,0.0,0,Công ty Cổ phần Lilama 69-3,L63,UPCOM,2016-10-06,,0.0,,2017,11,9,125336000000.0
6175,3109,6.3,6.3,6.3,6.3,200,0.0,0.0,0,0,0,1260000.0,5.94,0.8,0,Công ty Cổ phần Lilama 69-3,L63,UPCOM,2016-10-06,,0.0,,2017,11,10,158177000000.0
6174,3109,6.3,6.3,6.3,6.3,0,0.0,0.0,0,0,0,0.0,5.94,0.0,0,Công ty Cổ phần Lilama 69-3,L63,UPCOM,2016-10-06,,0.0,,2017,11,13,162833000000.0
6173,3109,6.3,6.3,6.3,6.3,0,0.0,0.0,0,0,0,0.0,5.94,0.0,0,Công ty Cổ phần Lilama 69-3,L63,UPCOM,2016-10-06,,0.0,,2017,11,14,174907000000.0
6172,3109,6.3,6.3,6.3,6.3,0,0.0,0.0,0,0,0,0.0,5.94,0.0,0,Công ty Cổ phần Lilama 69-3,L63,UPCOM,2016-10-06,,0.0,,2017,11,15,199993000000.0
6171,3109,6.3,6.3,6.3,6.3,0,0.0,0.0,0,0,0,0.0,5.94,0.0,0,Công ty Cổ phần Lilama 69-3,L63,UPCOM,2016-10-06,,0.0,,2017,11,16,189446000000.0
6170,3109,6.3,6.3,6.3,6.3,0,0.0,0.0,0,0,0,0.0,5.94,0.0,0,Công ty Cổ phần Lilama 69-3,L63,UPCOM,2016-10-06,,0.0,,2017,11,17,172197000000.0
6169,3109,6.3,6.3,6.3,6.3,0,0.0,0.0,0,0,0,0.0,5.94,0.0,0,Công ty Cổ phần Lilama 69-3,L63,UPCOM,2016-10-06,,0.0,,2017,11,20,171292000000.0
6168,3109,6.3,6.3,6.3,6.3,0,0.0,0.0,0,0,0,0.0,5.94,0.0,0,Công ty Cổ phần Lilama 69-3,L63,UPCOM,2016-10-06,,0.0,,2017,11,21,239025000000.0
6167,3109,6.3,6.3,6.3,6.3,0,0.0,0.0,0,0,0,0.0,5.94,0.0,0,Công ty Cổ phần Lilama 69-3,L63,UPCOM,2016-10-06,,0.0,,2017,11,22,375937000000.0
6166,3109,6.3,6.3,6.3,6.3,0,0.0,0.0,0,0,0,0.0,5.94,0.0,0,Công ty Cổ phần Lilama 69-3,L63,UPCOM,2016-10-06,,0.0,,2017,11,23,218111000000.0
6165,3109,6.3,6.3,6.3,6.3,0,0.0,0.0,0,0,0,0.0,5.94,0.0,0,Công ty Cổ phần Lilama 69-3,L63,UPCOM,2016-10-06,,0.0,,2017,11,24,239830000000.0
6164,3109,6.3,6.3,6.3,6.3,0,0.0,0.0,0,0,0,0.0,5.94,0.0,0,Công ty Cổ phần Lilama 69-3,L63,UPCOM,2016-10-06,,0.0,,2017,11,27,337639000000.0
6163,3109,6.3,6.3,6.3,6.3,0,0.0,0.0,0,0,0,0.0,5.94,0.0,0,Công ty Cổ phần Lilama 69-3,L63,UPCOM,2016-10-06,,0.0,,2017,11,28,340931000000.0
6162,3109,6.3,6.3,6.3,6.3,0,0.0,0.0,0,0,0,0.0,5.94,0.0,0,Công ty Cổ phần Lilama 69-3,L63,UPCOM,2016-10-06,,0.0,,2017,11,29,234076000000.0
6161,3109,6.3,6.3,6.3,6.3,0,0.0,0.0,0,0,0,0.0,5.94,0.0,0,Công ty Cổ phần Lilama 69-3,L63,UPCOM,2016-10-06,,0.0,,2017,11,30,313182000000.0
6160,3109,6.3,6.3,6.3,6.3,50,0.0,0.0,0,0,0,315000.0,5.94,0.0,0,Công ty Cổ phần Lilama 69-3,L63,UPCOM,2016-10-06,,0.0,,2017,12,1,345006000000.0
6159,3109,6.3,6.3,6.3,6.3,0,0.0,0.0,0,0,0,0.0,5.94,0.0,0,Công ty Cổ phần Lilama 69-3,L63,UPCOM,2016-10-06,,0.0,,2017,12,4,355564000000.0
6158,3109,6.3,6.3,6.3,6.3,0,0.0,0.0,0,0,0,0.0,5.94,0.0,0,Công ty Cổ phần Lilama 69-3,L63,UPCOM,2016-10-06,,0.0,,2017,12,5,331840000000.0
6157,3109,7.2,7.2,7.2,7.2,100,0.0,0.0,0,0,0,720000.0,6.79,0.9,0,Công ty Cổ phần Lilama 69-3,L63,UPCOM,2016-10-06,,0.0,,2017,12,6,299076000000.0
6156,3109,6.3,6.3,6.3,6.3,200,0.0,0.0,0,0,0,1260000.0,5.94,-0.9,0,Công ty Cổ phần Lilama 69-3,L63,UPCOM,2016-10-06,,0.0,,2017,12,7,190916000000.0
6155,3109,6.3,6.3,6.3,6.3,0,0.0,0.0,0,0,0,0.0,5.94,0.0,0,Công ty Cổ phần Lilama 69-3,L63,UPCOM,2016-10-06,,0.0,,2017,12,8,208702000000.0
6154,3109,6.3,6.3,6.3,6.3,0,0.0,0.0,0,0,0,0.0,5.94,0.0,0,Công ty Cổ phần Lilama 69-3,L63,UPCOM,2016-10-06,,0.0,,2017,12,11,220863000000.0
6153,3109,6.3,6.3,6.3,6.3,0,0.0,0.0,0,0,0,0.0,5.94,0.0,0,Công ty Cổ phần Lilama 69-3,L63,UPCOM,2016-10-06,,0.0,,2017,12,12,233045000000.0
6152,3109,6.3,6.3,6.3,6.3,0,0.0,0.0,0,0,0,0.0,5.94,0.0,0,Công ty Cổ phần Lilama 69-3,L63,UPCOM,2016-10-06,,0.0,,2017,12,13,642878000000.0
6151,3109,6.3,6.3,6.3,6.3,0,0.0,0.0,0,0,0,0.0,5.94,0.0,0,Công ty Cổ phần Lilama 69-3,L63,UPCOM,2016-10-06,,0.0,,2017,12,14,205180000000.0
6150,3109,6.3,6.3,6.3,6.3,0,0.0,0.0,0,0,0,0.0,5.94,0.0,0,Công ty Cổ phần Lilama 69-3,L63,UPCOM,2016-10-06,,0.0,,2017,12,15,228623000000.0
6149,3109,6.3,6.3,6.3,6.3,0,0.0,0.0,0,0,0,0.0,5.94,0.0,0,Công ty Cổ phần Lilama 69-3,L63,UPCOM,2016-10-06,,0.0,,2017,12,18,232529000000.0
6148,3109,6.3,6.3,6.3,6.3,0,0.0,0.0,0,0,0,0.0,5.94,0.0,0,Công ty Cổ phần Lilama 69-3,L63,UPCOM,2016-10-06,,0.0,,2017,12,19,236765000000.0
6147,3109,7.2,7.2,7.2,7.2,2900,0.0,0.0,0,0,0,20880000.0,6.79,0.9,0,Công ty Cổ phần Lilama 69-3,L63,UPCOM,2016-10-06,,0.0,,2017,12,20,269785000000.0
6146,3109,6.3,6.3,6.3,6.3,200,0.0,0.0,0,0,0,1260000.0,5.94,-0.9,0,Công ty Cổ phần Lilama 69-3,L63,UPCOM,2016-10-06,,0.0,,2017,12,21,184209000000.0
6145,3109,6.3,6.3,6.3,6.3,0,0.0,0.0,0,0,0,0.0,5.94,0.0,0,Công ty Cổ phần Lilama 69-3,L63,UPCOM,2016-10-06,,0.0,,2017,12,22,197390000000.0
6144,3109,6.3,6.3,6.3,6.3,0,0.0,0.0,0,0,0,0.0,5.94,0.0,0,Công ty Cổ phần Lilama 69-3,L63,UPCOM,2016-10-06,,0.0,,2017,12,25,161746000000.0
6143,3109,6.3,6.3,6.3,6.3,0,0.0,0.0,0,0,0,0.0,5.94,0.0,0,Công ty Cổ phần Lilama 69-3,L63,UPCOM,2016-10-06,,0.0,,2017,12,26,287359000000.0
6142,3109,6.3,6.3,6.3,6.3,0,0.0,0.0,0,0,0,0.0,5.94,0.0,0,Công ty Cổ phần Lilama 69-3,L63,UPCOM,2016-10-06,,0.0,,2017,12,27,262890000000.0
6141,3109,6.7,6.7,6.7,6.7,7000,0.0,0.0,0,0,0,46900000.0,6.7,0.8,0,Công ty Cổ phần Lilama 69-3,L63,UPCOM,2016-10-06,,0.0,,2017,12,28,518884000000.0
6140,3109,6.7,6.7,6.7,6.7,0,0.0,0.0,0,0,0,0.0,6.7,0.0,0,Công ty Cổ phần Lilama 69-3,L63,UPCOM,2016-10-06,,0.0,,2017,12,29,284661000000.0
6139,3109,6.7,6.7,6.7,6.7,2100,0.0,0.0,0,0,0,14070000.0,6.7,0.0,0,Công ty Cổ phần Lilama 69-3,L63,UPCOM,2016-10-06,,0.0,,2018,1,2,257687000000.0
6138,3109,6.7,6.7,6.7,6.7,0,0.0,0.0,0,0,0,0.0,6.7,0.0,0,Công ty Cổ phần Lilama 69-3,L63,UPCOM,2016-10-06,,0.0,,2018,1,3,404853000000.0
6137,3109,6.7,6.7,6.7,6.7,0,0.0,0.0,0,0,0,0.0,6.7,0.0,0,Công ty Cổ phần Lilama 69-3,L63,UPCOM,2016-10-06,,0.0,,2018,1,4,335258000000.0
6136,3109,6.7,6.7,6.7,6.7,0,0.0,0.0,0,0,0,0.0,6.7,0.0,0,Công ty Cổ phần Lilama 69-3,L63,UPCOM,2016-10-06,,0.0,,2018,1,5,368333000000.0
6135,3109,6.7,6.7,6.7,6.7,0,0.0,0.0,0,0,0,0.0,6.7,0.0,0,Công ty Cổ phần Lilama 69-3,L63,UPCOM,2016-10-06,,0.0,,2018,1,8,463984000000.0
6134,3109,6.7,6.7,6.7,6.7,0,0.0,0.0,0,0,0,0.0,6.7,0.0,0,Công ty Cổ phần Lilama 69-3,L63,UPCOM,2016-10-06,,0.0,,2018,1,9,476599000000.0
6133,3109,6.3,6.7,6.7,6.3,3400,0.0,0.0,0,0,0,21460000.0,6.7,0.0,0,Công ty Cổ phần Lilama 69-3,L63,UPCOM,2016-10-06,,0.0,,2018,1,10,446560000000.0
6132,3109,6.3,6.3,6.3,6.3,0,0.0,0.0,0,0,0,0.0,6.3,0.0,0,Công ty Cổ phần Lilama 69-3,L63,UPCOM,2016-10-06,,0.0,,2018,1,11,467766000000.0
6131,3109,6.3,6.3,6.3,6.3,0,0.0,0.0,0,0,0,0.0,6.3,0.0,0,Công ty Cổ phần Lilama 69-3,L63,UPCOM,2016-10-06,,0.0,,2018,1,12,496151000000.0
6130,3109,6.3,6.3,6.3,6.3,0,0.0,0.0,0,0,0,0.0,6.3,0.0,0,Công ty Cổ phần Lilama 69-3,L63,UPCOM,2016-10-06,,0.0,,2018,1,15,215156000000.0
6129,3109,6.3,6.3,6.3,6.3,0,0.0,0.0,0,0,0,0.0,6.3,0.0,0,Công ty Cổ phần Lilama 69-3,L63,UPCOM,2016-10-06,,0.0,,2018,1,16,286958000000.0
6128,3109,6.3,6.3,6.3,6.3,0,0.0,0.0,0,0,0,0.0,6.3,0.0,0,Công ty Cổ phần Lilama 69-3,L63,UPCOM,2016-10-06,,0.0,,2018,1,17,382817000000.0
6127,3109,6.3,6.3,6.3,6.3,0,0.0,0.0,0,0,0,0.0,6.3,0.0,0,Công ty Cổ phần Lilama 69-3,L63,UPCOM,2016-10-06,,0.0,,2018,1,18,353193000000.0
6126,3109,6.3,6.3,6.3,6.3,0,0.0,0.0,0,0,0,0.0,6.3,0.0,0,Công ty Cổ phần Lilama 69-3,L63,UPCOM,2016-10-06,,0.0,,2018,1,19,360606000000.0
6125,3109,6.3,6.3,6.3,6.3,0,0.0,0.0,0,0,0,0.0,6.3,0.0,0,Công ty Cổ phần Lilama 69-3,L63,UPCOM,2016-10-06,,0.0,,2018,1,22,428807000000.0
6124,3109,6.3,6.3,6.3,6.3,0,0.0,0.0,0,0,0,0.0,6.3,0.0,0,Công ty Cổ phần Lilama 69-3,L63,UPCOM,2016-10-06,,0.0,,2018,1,23,634573000000.0
6123,3109,6.3,6.3,6.3,6.3,0,0.0,0.0,0,0,0,0.0,6.3,0.0,0,Công ty Cổ phần Lilama 69-3,L63,UPCOM,2016-10-06,,0.0,,2018,1,24,405252000000.0
6122,3109,6.3,6.3,6.3,6.3,0,0.0,0.0,0,0,0,0.0,6.3,0.0,0,Công ty Cổ phần Lilama 69-3,L63,UPCOM,2016-10-06,,0.0,,2018,1,25,483102000000.0
6121,3109,6.3,6.3,6.3,6.3,0,0.0,0.0,0,0,0,0.0,6.3,0.0,0,Công ty Cổ phần Lilama 69-3,L63,UPCOM,2016-10-06,,0.0,,2018,1,26,409657000000.0
6120,3109,6.3,6.3,6.3,6.3,0,0.0,0.0,0,0,0,0.0,6.3,0.0,0,Công ty Cổ phần Lilama 69-3,L63,UPCOM,2016-10-06,,0.0,,2018,1,29,360858000000.0
6119,3109,6.3,6.3,6.3,6.3,72,0.0,0.0,0,0,0,396000.0,6.3,0.0,0,Công ty Cổ phần Lilama 69-3,L63,UPCOM,2016-10-06,,0.0,,2018,1,30,363231000000.0
6118,3109,6.3,6.3,6.3,6.3,0,0.0,0.0,0,0,0,0.0,6.3,0.0,0,Công ty Cổ phần Lilama 69-3,L63,UPCOM,2016-10-06,,0.0,,2018,1,31,426446000000.0
6117,3109,6.3,6.3,6.3,6.3,0,0.0,0.0,0,0,0,0.0,6.3,0.0,0,Công ty Cổ phần Lilama 69-3,L63,UPCOM,2016-10-06,,0.0,,2018,2,1,409241000000.0
6116,3109,6.3,6.3,6.3,6.3,0,0.0,0.0,0,0,0,0.0,6.3,0.0,0,Công ty Cổ phần Lilama 69-3,L63,UPCOM,2016-10-06,,0.0,,2018,2,2,315430000000.0
6115,3109,6.3,6.3,6.3,6.3,0,0.0,0.0,0,0,0,0.0,6.3,0.0,0,Công ty Cổ phần Lilama 69-3,L63,UPCOM,2016-10-06,,0.0,,2018,2,5,492723000000.0
6114,3109,6.3,6.3,6.3,6.3,0,0.0,0.0,0,0,0,0.0,6.3,0.0,0,Công ty Cổ phần Lilama 69-3,L63,UPCOM,2016-10-06,,0.0,,2018,2,6,455175000000.0
6113,3109,6.3,6.3,6.3,6.3,0,0.0,0.0,0,0,0,0.0,6.3,0.0,0,Công ty Cổ phần Lilama 69-3,L63,UPCOM,2016-10-06,,0.0,,2018,2,7,304157000000.0
6112,3109,6.3,6.3,6.3,6.3,0,0.0,0.0,0,0,0,0.0,6.3,0.0,0,Công ty Cổ phần Lilama 69-3,L63,UPCOM,2016-10-06,,0.0,,2018,2,8,187805000000.0
6111,3109,6.3,6.3,6.3,6.3,0,0.0,0.0,0,0,0,0.0,6.3,0.0,0,Công ty Cổ phần Lilama 69-3,L63,UPCOM,2016-10-06,,0.0,,2018,2,9,235310000000.0
6110,3109,6.3,6.3,6.3,6.3,0,0.0,0.0,0,0,0,0.0,6.3,0.0,0,Công ty Cổ phần Lilama 69-3,L63,UPCOM,2016-10-06,,0.0,,2018,2,12,157880000000.0
6109,3109,6.3,6.3,6.3,6.3,0,0.0,0.0,0,0,0,0.0,6.3,0.0,0,Công ty Cổ phần Lilama 69-3,L63,UPCOM,2016-10-06,,0.0,,2018,2,13,225336000000.0
6108,3109,6.3,6.3,6.3,6.3,0,0.0,0.0,0,0,0,0.0,6.3,0.0,0,Công ty Cổ phần Lilama 69-3,L63,UPCOM,2016-10-06,,0.0,,2018,2,21,198755000000.0
6107,3109,6.3,6.3,6.3,6.3,0,0.0,0.0,0,0,0,0.0,6.3,0.0,0,Công ty Cổ phần Lilama 69-3,L63,UPCOM,2016-10-06,,0.0,,2018,2,22,210532000000.0
6106,3109,6.3,6.3,6.3,6.3,0,0.0,0.0,0,0,0,0.0,6.3,0.0,0,Công ty Cổ phần Lilama 69-3,L63,UPCOM,2016-10-06,,0.0,,2018,2,23,210332000000.0
6105,3109,6.3,6.3,6.3,6.3,0,0.0,0.0,0,0,0,0.0,6.3,0.0,0,Công ty Cổ phần Lilama 69-3,L63,UPCOM,2016-10-06,,0.0,,2018,2,26,293743000000.0
6104,3109,6.3,6.3,6.3,6.3,0,0.0,0.0,0,0,0,0.0,6.3,0.0,0,Công ty Cổ phần Lilama 69-3,L63,UPCOM,2016-10-06,,0.0,,2018,2,27,381894000000.0
6103,3109,6.3,6.3,6.3,6.3,8000,0.0,0.0,0,0,0,50400000.0,6.3,0.0,0,Công ty Cổ phần Lilama 69-3,L63,UPCOM,2016-10-06,,0.0,,2018,2,28,374217000000.0
6102,3109,6.3,6.3,6.3,6.3,0,0.0,0.0,0,0,0,0.0,6.3,0.0,0,Công ty Cổ phần Lilama 69-3,L63,UPCOM,2016-10-06,,0.0,,2018,3,1,730881000000.0
6101,3109,6.3,6.3,6.3,6.3,0,0.0,0.0,0,0,0,0.0,6.3,0.0,0,Công ty Cổ phần Lilama 69-3,L63,UPCOM,2016-10-06,,0.0,,2018,3,2,531083000000.0
6100,3109,6.3,6.3,6.3,6.3,0,0.0,0.0,0,0,0,0.0,6.3,0.0,0,Công ty Cổ phần Lilama 69-3,L63,UPCOM,2016-10-06,,0.0,,2018,3,5,438682000000.0
6099,3109,6.3,6.3,6.3,6.3,0,0.0,0.0,0,0,0,0.0,6.3,0.0,0,Công ty Cổ phần Lilama 69-3,L63,UPCOM,2016-10-06,,0.0,,2018,3,6,620319000000.0
6098,3109,6.3,6.3,6.3,6.3,0,0.0,0.0,0,0,0,0.0,6.3,0.0,0,Công ty Cổ phần Lilama 69-3,L63,UPCOM,2016-10-06,,0.0,,2018,3,7,722153000000.0
6097,3109,6.3,6.3,6.3,6.3,0,0.0,0.0,0,0,0,0.0,6.3,0.0,0,Công ty Cổ phần Lilama 69-3,L63,UPCOM,2016-10-06,,0.0,,2018,3,8,527378000000.0
6096,3109,6.3,6.3,6.3,6.3,0,0.0,0.0,0,0,0,0.0,6.3,0.0,0,Công ty Cổ phần Lilama 69-3,L63,UPCOM,2016-10-06,,0.0,,2018,3,9,541850000000.0
6095,3109,6.3,6.3,6.3,6.3,0,0.0,0.0,0,0,0,0.0,6.3,0.0,0,Công ty Cổ phần Lilama 69-3,L63,UPCOM,2016-10-06,,0.0,,2018,3,12,489682000000.0
6094,3109,6.3,6.3,6.3,6.3,0,0.0,0.0,0,0,0,0.0,6.3,0.0,0,Công ty Cổ phần Lilama 69-3,L63,UPCOM,2016-10-06,,0.0,,2018,3,13,421164000000.0
6093,3109,6.3,6.3,6.3,6.3,0,0.0,0.0,0,0,0,0.0,6.3,0.0,0,Công ty Cổ phần Lilama 69-3,L63,UPCOM,2016-10-06,,0.0,,2018,3,14,543225000000.0
6092,3109,5.4,6.5,6.5,5.4,113800,0.0,0.0,0,0,0,618300000.0,6.5,0.2,0,Công ty Cổ phần Lilama 69-3,L63,UPCOM,2016-10-06,,0.0,,2018,3,15,432468000000.0
6091,3109,5.4,5.4,5.4,5.4,0,0.0,0.0,0,0,0,0.0,5.4,0.0,0,Công ty Cổ phần Lilama 69-3,L63,UPCOM,2016-10-06,,0.0,,2018,3,16,386613000000.0
session_id,stock_id,open_price,close_price,high_price,low_price,volume_detail,ceiling_price,floor_price,buy_volume,sell_volume,net_volume,matched_value,adjust_price,change_percent,outstanding_share,name,code,stock_space,join_date,leave_date,init_price,category,year,month,day_of_month,volume_session
6406,3109,5.0,5.0,5.0,5.0,0,0.0,0.0,0,0,0,0.0,4.43,0.0,0,Công ty Cổ phần Lilama 69-3,L63,UPCOM,2016-10-06,,0.0,,2016,12,5,111727000000.0
6405,3109,5.0,5.0,5.0,5.0,0,0.0,0.0,0,0,0,0.0,4.43,0.0,0,Công ty Cổ phần Lilama 69-3,L63,UPCOM,2016-10-06,,0.0,,2016,12,6,112297000000.0
6404,3109,5.0,5.0,5.0,5.0,0,0.0,0.0,0,0,0,0.0,4.43,0.0,0,Công ty Cổ phần Lilama 69-3,L63,UPCOM,2016-10-06,,0.0,,2016,12,7,117490000000.0
6403,3109,5.0,5.0,5.0,5.0,0,0.0,0.0,0,0,0,0.0,4.43,0.0,0,Công ty Cổ phần Lilama 69-3,L63,UPCOM,2016-10-06,,0.0,,2016,12,8,83824100000.0
6402,3109,5.0,5.0,5.0,5.0,4300,0.0,0.0,0,0,0,21500000.0,4.43,0.0,0,Công ty Cổ phần Lilama 69-3,L63,UPCOM,2016-10-06,,0.0,,2016,12,9,103917000000.0
6401,3109,5.0,5.0,5.0,5.0,800,0.0,0.0,0,0,0,4000000.0,4.43,0.0,0,Công ty Cổ phần Lilama 69-3,L63,UPCOM,2016-10-06,,0.0,,2016,12,12,104114000000.0
6400,3109,5.0,5.0,5.0,5.0,10000,0.0,0.0,0,0,0,50000000.0,4.43,0.0,0,Công ty Cổ phần Lilama 69-3,L63,UPCOM,2016-10-06,,0.0,,2016,12,13,104915000000.0
6399,3109,5.0,5.0,5.0,5.0,0,0.0,0.0,0,0,0,0.0,4.43,0.0,0,Công ty Cổ phần Lilama 69-3,L63,UPCOM,2016-10-06,,0.0,,2016,12,14,156567000000.0
6398,3109,5.0,5.0,5.0,5.0,0,0.0,0.0,0,0,0,0.0,4.43,0.0,0,Công ty Cổ phần Lilama 69-3,L63,UPCOM,2016-10-06,,0.0,,2016,12,15,159976000000.0
6397,3109,5.0,5.0,5.0,5.0,0,0.0,0.0,0,0,0,0.0,4.43,0.0,0,Công ty Cổ phần Lilama 69-3,L63,UPCOM,2016-10-06,,0.0,,2016,12,16,126469000000.0
6396,3109,5.0,5.0,5.0,5.0,0,0.0,0.0,0,0,0,0.0,4.43,0.0,0,Công ty Cổ phần Lilama 69-3,L63,UPCOM,2016-10-06,,0.0,,2016,12,19,96996000000.0
6395,3109,5.0,5.0,5.0,5.0,0,0.0,0.0,0,0,0,0.0,4.43,0.0,0,Công ty Cổ phần Lilama 69-3,L63,UPCOM,2016-10-06,,0.0,,2016,12,20,179244000000.0
6394,3109,5.0,5.0,5.0,5.0,0,0.0,0.0,0,0,0,0.0,4.43,0.0,0,Công ty Cổ phần Lilama 69-3,L63,UPCOM,2016-10-06,,0.0,,2016,12,21,99875200000.0
6393,3109,5.0,5.0,5.0,5.0,0,0.0,0.0,0,0,0,0.0,4.43,0.0,0,Công ty Cổ phần Lilama 69-3,L63,UPCOM,2016-10-06,,0.0,,2016,12,22,124323000000.0
6392,3109,5.0,5.0,5.0,5.0,0,0.0,0.0,0,0,0,0.0,4.43,0.0,0,Công ty Cổ phần Lilama 69-3,L63,UPCOM,2016-10-06,,0.0,,2016,12,23,99561900000.0
6391,3109,5.0,5.0,5.0,5.0,8900,0.0,0.0,0,0,0,44500000.0,4.43,0.0,0,Công ty Cổ phần Lilama 69-3,L63,UPCOM,2016-10-06,,0.0,,2016,12,26,88275400000.0
6390,3109,5.0,5.0,5.0,5.0,0,0.0,0.0,0,0,0,0.0,4.43,0.0,0,Công ty Cổ phần Lilama 69-3,L63,UPCOM,2016-10-06,,0.0,,2016,12,27,93780400000.0
6389,3109,5.0,5.0,5.0,5.0,0,0.0,0.0,0,0,0,0.0,4.43,0.0,0,Công ty Cổ phần Lilama 69-3,L63,UPCOM,2016-10-06,,0.0,,2016,12,28,69607800000.0
6388,3109,5.0,5.0,5.0,5.0,0,0.0,0.0,0,0,0,0.0,4.43,0.0,0,Công ty Cổ phần Lilama 69-3,L63,UPCOM,2016-10-06,,0.0,,2016,12,29,66205200000.0
6387,3109,5.0,5.0,5.0,5.0,0,0.0,0.0,0,0,0,0.0,4.43,0.0,0,Công ty Cổ phần Lilama 69-3,L63,UPCOM,2016-10-06,,0.0,,2016,12,30,75590300000.0
6386,3109,5.0,5.0,5.0,5.0,0,0.0,0.0,0,0,0,0.0,4.43,0.0,0,Công ty Cổ phần Lilama 69-3,L63,UPCOM,2016-10-06,,0.0,,2017,1,3,55501600000.0
6385,3109,5.0,5.0,5.0,5.0,0,0.0,0.0,0,0,0,0.0,4.43,0.0,0,Công ty Cổ phần Lilama 69-3,L63,UPCOM,2016-10-06,,0.0,,2017,1,4,80038100000.0
6384,3109,5.0,5.0,5.0,5.0,0,0.0,0.0,0,0,0,0.0,4.43,0.0,0,Công ty Cổ phần Lilama 69-3,L63,UPCOM,2016-10-06,,0.0,,2017,1,5,145435000000.0
6383,3109,5.0,5.0,5.0,5.0,0,0.0,0.0,0,0,0,0.0,4.43,0.0,0,Công ty Cổ phần Lilama 69-3,L63,UPCOM,2016-10-06,,0.0,,2017,1,6,110481000000.0
6382,3109,5.0,5.0,5.0,5.0,0,0.0,0.0,0,0,0,0.0,4.43,0.0,0,Công ty Cổ phần Lilama 69-3,L63,UPCOM,2016-10-06,,0.0,,2017,1,9,89976000000.0
6381,3109,5.0,5.0,5.0,5.0,0,0.0,0.0,0,0,0,0.0,4.43,0.0,0,Công ty Cổ phần Lilama 69-3,L63,UPCOM,2016-10-06,,0.0,,2017,1,10,108250000000.0
6380,3109,5.0,5.0,5.0,5.0,0,0.0,0.0,0,0,0,0.0,4.43,0.0,0,Công ty Cổ phần Lilama 69-3,L63,UPCOM,2016-10-06,,0.0,,2017,1,11,77076400000.0
6379,3109,5.0,5.0,5.0,5.0,0,0.0,0.0,0,0,0,0.0,4.43,0.0,0,Công ty Cổ phần Lilama 69-3,L63,UPCOM,2016-10-06,,0.0,,2017,1,12,110368000000.0
6378,3109,5.0,5.0,5.0,5.0,0,0.0,0.0,0,0,0,0.0,4.43,0.0,0,Công ty Cổ phần Lilama 69-3,L63,UPCOM,2016-10-06,,0.0,,2017,1,13,79101200000.0
6377,3109,5.0,5.0,5.0,5.0,0,0.0,0.0,0,0,0,0.0,4.43,0.0,0,Công ty Cổ phần Lilama 69-3,L63,UPCOM,2016-10-06,,0.0,,2017,1,16,73091300000.0
6376,3109,5.0,5.0,5.0,5.0,0,0.0,0.0,0,0,0,0.0,4.43,0.0,0,Công ty Cổ phần Lilama 69-3,L63,UPCOM,2016-10-06,,0.0,,2017,1,17,262977000000.0
6375,3109,5.0,5.0,5.0,5.0,0,0.0,0.0,0,0,0,0.0,4.43,0.0,0,Công ty Cổ phần Lilama 69-3,L63,UPCOM,2016-10-06,,0.0,,2017,1,18,71829300000.0
6374,3109,5.0,5.0,5.0,5.0,0,0.0,0.0,0,0,0,0.0,4.43,0.0,0,Công ty Cổ phần Lilama 69-3,L63,UPCOM,2016-10-06,,0.0,,2017,1,19,181298000000.0
6373,3109,5.0,5.0,5.0,5.0,0,0.0,0.0,0,0,0,0.0,4.43,0.0,0,Công ty Cổ phần Lilama 69-3,L63,UPCOM,2016-10-06,,0.0,,2017,1,20,59147100000.0
6372,3109,5.0,5.0,5.0,5.0,0,0.0,0.0,0,0,0,0.0,4.43,0.0,0,Công ty Cổ phần Lilama 69-3,L63,UPCOM,2016-10-06,,0.0,,2017,1,23,56247300000.0
6371,3109,5.0,5.0,5.0,5.0,0,0.0,0.0,0,0,0,0.0,4.43,0.0,0,Công ty Cổ phần Lilama 69-3,L63,UPCOM,2016-10-06,,0.0,,2017,1,24,103977000000.0
6370,3109,5.0,5.0,5.0,5.0,0,0.0,0.0,0,0,0,0.0,4.43,0.0,0,Công ty Cổ phần Lilama 69-3,L63,UPCOM,2016-10-06,,0.0,,2017,1,25,51700300000.0
6369,3109,5.0,5.0,5.0,5.0,0,0.0,0.0,0,0,0,0.0,4.43,0.0,0,Công ty Cổ phần Lilama 69-3,L63,UPCOM,2016-10-06,,0.0,,2017,2,2,74758600000.0
6368,3109,5.0,5.0,5.0,5.0,0,0.0,0.0,0,0,0,0.0,4.43,0.0,0,Công ty Cổ phần Lilama 69-3,L63,UPCOM,2016-10-06,,0.0,,2017,2,3,117278000000.0
6367,3109,5.0,5.0,5.0,5.0,0,0.0,0.0,0,0,0,0.0,4.43,0.0,0,Công ty Cổ phần Lilama 69-3,L63,UPCOM,2016-10-06,,0.0,,2017,2,6,85611400000.0
6366,3109,5.0,5.0,5.0,5.0,0,0.0,0.0,0,0,0,0.0,4.43,0.0,0,Công ty Cổ phần Lilama 69-3,L63,UPCOM,2016-10-06,,0.0,,2017,2,7,88041000000.0
6365,3109,5.0,5.0,5.0,5.0,0,0.0,0.0,0,0,0,0.0,4.43,0.0,0,Công ty Cổ phần Lilama 69-3,L63,UPCOM,2016-10-06,,0.0,,2017,2,8,94484100000.0
6364,3109,5.0,5.0,5.0,5.0,0,0.0,0.0,0,0,0,0.0,4.43,0.0,0,Công ty Cổ phần Lilama 69-3,L63,UPCOM,2016-10-06,,0.0,,2017,2,9,100523000000.0
6363,3109,5.0,5.0,5.0,5.0,0,0.0,0.0,0,0,0,0.0,4.43,0.0,0,Công ty Cổ phần Lilama 69-3,L63,UPCOM,2016-10-06,,0.0,,2017,2,10,138048000000.0
6362,3109,5.0,5.0,5.0,5.0,0,0.0,0.0,0,0,0,0.0,4.43,0.0,0,Công ty Cổ phần Lilama 69-3,L63,UPCOM,2016-10-06,,0.0,,2017,2,13,123878000000.0
6361,3109,5.0,5.0,5.0,5.0,0,0.0,0.0,0,0,0,0.0,4.43,0.0,0,Công ty Cổ phần Lilama 69-3,L63,UPCOM,2016-10-06,,0.0,,2017,2,14,101684000000.0
6360,3109,5.0,5.0,5.0,5.0,0,0.0,0.0,0,0,0,0.0,4.43,0.0,0,Công ty Cổ phần Lilama 69-3,L63,UPCOM,2016-10-06,,0.0,,2017,2,15,112150000000.0
6359,3109,5.0,5.0,5.0,5.0,0,0.0,0.0,0,0,0,0.0,4.43,0.0,0,Công ty Cổ phần Lilama 69-3,L63,UPCOM,2016-10-06,,0.0,,2017,2,16,138226000000.0
6358,3109,5.0,5.0,5.0,5.0,0,0.0,0.0,0,0,0,0.0,4.43,0.0,0,Công ty Cổ phần Lilama 69-3,L63,UPCOM,2016-10-06,,0.0,,2017,2,17,124707000000.0
6357,3109,5.0,5.0,5.0,5.0,0,0.0,0.0,0,0,0,0.0,4.43,0.0,0,Công ty Cổ phần Lilama 69-3,L63,UPCOM,2016-10-06,,0.0,,2017,2,20,231464000000.0
6356,3109,5.0,5.0,5.0,5.0,0,0.0,0.0,0,0,0,0.0,4.43,0.0,0,Công ty Cổ phần Lilama 69-3,L63,UPCOM,2016-10-06,,0.0,,2017,2,21,129555000000.0
6355,3109,5.0,5.0,5.0,5.0,0,0.0,0.0,0,0,0,0.0,4.43,0.0,0,Công ty Cổ phần Lilama 69-3,L63,UPCOM,2016-10-06,,0.0,,2017,2,22,144663000000.0
6354,3109,5.0,5.0,5.0,5.0,0,0.0,0.0,0,0,0,0.0,4.43,0.0,0,Công ty Cổ phần Lilama 69-3,L63,UPCOM,2016-10-06,,0.0,,2017,2,23,301269000000.0
6353,3109,5.0,5.0,5.0,5.0,0,0.0,0.0,0,0,0,0.0,4.43,0.0,0,Công ty Cổ phần Lilama 69-3,L63,UPCOM,2016-10-06,,0.0,,2017,2,24,319834000000.0
6352,3109,6.9,6.9,6.9,6.9,800,0.0,0.0,0,0,0,5520000.0,6.12,1.9,0,Công ty Cổ phần Lilama 69-3,L63,UPCOM,2016-10-06,,0.0,,2017,2,27,358805000000.0
6351,3109,6.9,6.9,6.9,6.9,40,0.0,0.0,0,0,0,240000.0,6.12,0.0,0,Công ty Cổ phần Lilama 69-3,L63,UPCOM,2016-10-06,,0.0,,2017,2,28,268705000000.0
6350,3109,5.9,5.9,5.9,5.9,300,0.0,0.0,0,0,0,1770000.0,5.23,-1.0,0,Công ty Cổ phần Lilama 69-3,L63,UPCOM,2016-10-06,,0.0,,2017,3,1,167933000000.0
6349,3109,5.9,5.9,5.9,5.9,0,0.0,0.0,0,0,0,0.0,5.23,0.0,0,Công ty Cổ phần Lilama 69-3,L63,UPCOM,2016-10-06,,0.0,,2017,3,2,123880000000.0
6348,3109,5.9,5.9,5.9,5.9,0,0.0,0.0,0,0,0,0.0,5.23,0.0,0,Công ty Cổ phần Lilama 69-3,L63,UPCOM,2016-10-06,,0.0,,2017,3,3,159719000000.0
6347,3109,6.5,6.5,6.5,6.5,300,0.0,0.0,0,0,0,1950000.0,5.76,0.6,0,Công ty Cổ phần Lilama 69-3,L63,UPCOM,2016-10-06,,0.0,,2017,3,6,219186000000.0
6346,3109,6.5,6.5,6.5,6.5,0,0.0,0.0,0,0,0,0.0,5.76,0.0,0,Công ty Cổ phần Lilama 69-3,L63,UPCOM,2016-10-06,,0.0,,2017,3,7,156369000000.0
6345,3109,6.5,6.5,6.5,6.5,0,0.0,0.0,0,0,0,0.0,5.76,0.0,0,Công ty Cổ phần Lilama 69-3,L63,UPCOM,2016-10-06,,0.0,,2017,3,8,115171000000.0
6344,3109,6.5,6.5,6.5,6.5,0,0.0,0.0,0,0,0,0.0,5.76,0.0,0,Công ty Cổ phần Lilama 69-3,L63,UPCOM,2016-10-06,,0.0,,2017,3,9,128869000000.0
6343,3109,6.5,6.5,6.5,6.5,0,0.0,0.0,0,0,0,0.0,5.76,0.0,0,Công ty Cổ phần Lilama 69-3,L63,UPCOM,2016-10-06,,0.0,,2017,3,10,172463000000.0
6342,3109,6.5,6.5,6.5,6.5,0,0.0,0.0,0,0,0,0.0,5.76,0.0,0,Công ty Cổ phần Lilama 69-3,L63,UPCOM,2016-10-06,,0.0,,2017,3,13,147158000000.0
6341,3109,6.5,6.5,6.5,6.5,0,0.0,0.0,0,0,0,0.0,5.76,0.0,0,Công ty Cổ phần Lilama 69-3,L63,UPCOM,2016-10-06,,0.0,,2017,3,14,165883000000.0
6340,3109,7.4,5.6,7.4,5.6,1217,0.0,0.0,0,0,0,7072500.0,4.97,-0.9,0,Công ty Cổ phần Lilama 69-3,L63,UPCOM,2016-10-06,,0.0,,2017,3,15,161227000000.0
6339,3109,6.6,6.6,6.6,6.6,100,0.0,0.0,0,0,0,660000.0,5.85,0.8,0,Công ty Cổ phần Lilama 69-3,L63,UPCOM,2016-10-06,,0.0,,2017,3,16,148970000000.0
6338,3109,6.6,6.6,6.6,6.6,0,0.0,0.0,0,0,0,0.0,5.85,0.0,0,Công ty Cổ phần Lilama 69-3,L63,UPCOM,2016-10-06,,0.0,,2017,3,17,158875000000.0
6337,3109,6.6,6.6,6.6,6.6,57,0.0,0.0,0,0,0,370500.0,5.85,0.0,0,Công ty Cổ phần Lilama 69-3,L63,UPCOM,2016-10-06,,0.0,,2017,3,20,127629000000.0
6336,3109,6.6,6.6,6.6,6.6,0,0.0,0.0,0,0,0,0.0,5.85,0.0,0,Công ty Cổ phần Lilama 69-3,L63,UPCOM,2016-10-06,,0.0,,2017,3,21,407557000000.0
6335,3109,5.7,5.7,5.7,5.7,6020,0.0,0.0,0,0,0,34322000.0,5.05,-0.9,0,Công ty Cổ phần Lilama 69-3,L63,UPCOM,2016-10-06,,0.0,,2017,3,22,203708000000.0
6334,3109,6.5,6.5,6.5,6.5,100,0.0,0.0,0,0,0,650000.0,5.76,0.8,0,Công ty Cổ phần Lilama 69-3,L63,UPCOM,2016-10-06,,0.0,,2017,3,23,111980000000.0
6333,3109,7.0,7.0,7.0,7.0,9800,0.0,0.0,0,0,0,68600000.0,6.21,0.5,0,Công ty Cổ phần Lilama 69-3,L63,UPCOM,2016-10-06,,0.0,,2017,3,24,111662000000.0
6332,3109,7.0,7.0,7.0,7.0,100,0.0,0.0,0,0,0,700000.0,6.21,0.0,0,Công ty Cổ phần Lilama 69-3,L63,UPCOM,2016-10-06,,0.0,,2017,3,27,117565000000.0
6331,3109,7.0,7.0,7.0,7.0,4000,0.0,0.0,0,0,0,28000000.0,6.21,0.0,0,Công ty Cổ phần Lilama 69-3,L63,UPCOM,2016-10-06,,0.0,,2017,3,28,109928000000.0
6330,3109,7.0,7.0,7.0,7.0,500,0.0,0.0,0,0,0,3500000.0,6.21,0.0,0,Công ty Cổ phần Lilama 69-3,L63,UPCOM,2016-10-06,,0.0,,2017,3,29,117613000000.0
6329,3109,7.0,7.0,7.0,7.0,0,0.0,0.0,0,0,0,0.0,6.21,0.0,0,Công ty Cổ phần Lilama 69-3,L63,UPCOM,2016-10-06,,0.0,,2017,3,30,110333000000.0
6328,3109,7.0,7.0,7.0,7.0,0,0.0,0.0,0,0,0,0.0,6.21,0.0,0,Công ty Cổ phần Lilama 69-3,L63,UPCOM,2016-10-06,,0.0,,2017,3,31,125061000000.0
6327,3109,7.0,7.0,7.0,7.0,7700,0.0,0.0,0,0,0,53900000.0,6.21,0.0,0,Công ty Cổ phần Lilama 69-3,L63,UPCOM,2016-10-06,,0.0,,2017,4,3,142527000000.0
6326,3109,7.0,7.0,7.0,7.0,0,0.0,0.0,0,0,0,0.0,6.21,0.0,0,Công ty Cổ phần Lilama 69-3,L63,UPCOM,2016-10-06,,0.0,,2017,4,4,148693000000.0
6325,3109,7.0,7.0,7.0,7.0,0,0.0,0.0,0,0,0,0.0,6.21,0.0,0,Công ty Cổ phần Lilama 69-3,L63,UPCOM,2016-10-06,,0.0,,2017,4,5,185505000000.0
6324,3109,7.0,7.0,7.0,7.0,6000,0.0,0.0,0,0,0,42000000.0,6.21,0.0,0,Công ty Cổ phần Lilama 69-3,L63,UPCOM,2016-10-06,,0.0,,2017,4,7,87784400000.0
6323,3109,7.0,7.0,7.0,7.0,2000,0.0,0.0,0,0,0,14000000.0,6.21,0.0,0,Công ty Cổ phần Lilama 69-3,L63,UPCOM,2016-10-06,,0.0,,2017,4,10,94875800000.0
6322,3109,7.0,7.0,7.0,7.0,0,0.0,0.0,0,0,0,0.0,6.21,0.0,0,Công ty Cổ phần Lilama 69-3,L63,UPCOM,2016-10-06,,0.0,,2017,4,11,117192000000.0
6321,3109,7.0,7.0,7.0,7.0,910,0.0,0.0,0,0,0,6370000.0,6.21,0.0,0,Công ty Cổ phần Lilama 69-3,L63,UPCOM,2016-10-06,,0.0,,2017,4,12,236389000000.0
6320,3109,7.0,7.0,7.0,7.0,0,0.0,0.0,0,0,0,0.0,6.21,0.0,0,Công ty Cổ phần Lilama 69-3,L63,UPCOM,2016-10-06,,0.0,,2017,4,13,95052400000.0
6319,3109,6.0,6.0,6.0,6.0,200,0.0,0.0,0,0,0,1200000.0,5.32,-1.0,0,Công ty Cổ phần Lilama 69-3,L63,UPCOM,2016-10-06,,0.0,,2017,4,14,85879500000.0
6318,3109,6.0,6.0,6.0,6.0,0,0.0,0.0,0,0,0,0.0,5.32,0.0,0,Công ty Cổ phần Lilama 69-3,L63,UPCOM,2016-10-06,,0.0,,2017,4,17,98209800000.0
6317,3109,6.0,6.0,6.0,6.0,0,0.0,0.0,0,0,0,0.0,5.32,0.0,0,Công ty Cổ phần Lilama 69-3,L63,UPCOM,2016-10-06,,0.0,,2017,4,18,86148900000.0
6316,3109,6.0,6.0,6.0,6.0,0,0.0,0.0,0,0,0,0.0,5.32,0.0,0,Công ty Cổ phần Lilama 69-3,L63,UPCOM,2016-10-06,,0.0,,2017,4,19,80544500000.0
6315,3109,6.0,6.0,6.0,6.0,0,0.0,0.0,0,0,0,0.0,5.32,0.0,0,Công ty Cổ phần Lilama 69-3,L63,UPCOM,2016-10-06,,0.0,,2017,4,20,90723100000.0
6314,3109,6.0,6.0,6.0,6.0,0,0.0,0.0,0,0,0,0.0,5.32,0.0,0,Công ty Cổ phần Lilama 69-3,L63,UPCOM,2016-10-06,,0.0,,2017,4,21,143350000000.0
6313,3109,6.0,6.0,6.0,6.0,0,0.0,0.0,0,0,0,0.0,5.32,0.0,0,Công ty Cổ phần Lilama 69-3,L63,UPCOM,2016-10-06,,0.0,,2017,4,24,90560800000.0
6312,3109,6.0,6.0,6.0,6.0,0,0.0,0.0,0,0,0,0.0,5.32,0.0,0,Công ty Cổ phần Lilama 69-3,L63,UPCOM,2016-10-06,,0.0,,2017,4,25,64243100000.0
6311,3109,6.0,6.0,6.0,6.0,0,0.0,0.0,0,0,0,0.0,5.32,0.0,0,Công ty Cổ phần Lilama 69-3,L63,UPCOM,2016-10-06,,0.0,,2017,4,26,64818500000.0
6310,3109,6.0,6.0,6.0,6.0,0,0.0,0.0,0,0,0,0.0,5.32,0.0,0,Công ty Cổ phần Lilama 69-3,L63,UPCOM,2016-10-06,,0.0,,2017,4,27,64235400000.0
6309,3109,6.0,6.0,6.0,6.0,0,0.0,0.0,0,0,0,0.0,5.32,0.0,0,Công ty Cổ phần Lilama 69-3,L63,UPCOM,2016-10-06,,0.0,,2017,4,28,110021000000.0
6308,3109,6.0,6.0,6.0,6.0,0,0.0,0.0,0,0,0,0.0,5.32,0.0,0,Công ty Cổ phần Lilama 69-3,L63,UPCOM,2016-10-06,,0.0,,2017,5,3,118865000000.0
6307,3109,6.0,6.0,6.0,6.0,0,0.0,0.0,0,0,0,0.0,5.32,0.0,0,Công ty Cổ phần Lilama 69-3,L63,UPCOM,2016-10-06,,0.0,,2017,5,4,85126100000.0
6306,3109,5.1,5.1,5.1,5.1,400,0.0,0.0,0,0,0,2040000.0,4.52,-0.9,0,Công ty Cổ phần Lilama 69-3,L63,UPCOM,2016-10-06,,0.0,,2017,5,5,107963000000.0
6305,3109,5.1,5.1,5.1,5.1,0,0.0,0.0,0,0,0,0.0,4.52,0.0,0,Công ty Cổ phần Lilama 69-3,L63,UPCOM,2016-10-06,,0.0,,2017,5,8,121617000000.0
6304,3109,5.1,5.1,5.1,5.1,0,0.0,0.0,0,0,0,0.0,4.52,0.0,0,Công ty Cổ phần Lilama 69-3,L63,UPCOM,2016-10-06,,0.0,,2017,5,9,73859800000.0
6303,3109,5.1,5.1,5.1,5.1,0,0.0,0.0,0,0,0,0.0,4.52,0.0,0,Công ty Cổ phần Lilama 69-3,L63,UPCOM,2016-10-06,,0.0,,2017,5,10,99977900000.0
6302,3109,5.1,5.1,5.1,5.1,0,0.0,0.0,0,0,0,0.0,4.52,0.0,0,Công ty Cổ phần Lilama 69-3,L63,UPCOM,2016-10-06,,0.0,,2017,5,11,103107000000.0
6301,3109,5.1,5.1,5.1,5.1,0,0.0,0.0,0,0,0,0.0,4.52,0.0,0,Công ty Cổ phần Lilama 69-3,L63,UPCOM,2016-10-06,,0.0,,2017,5,12,140810000000.0
6300,3109,4.4,4.4,4.4,4.4,100,0.0,0.0,0,0,0,440000.0,3.9,-0.7,0,Công ty Cổ phần Lilama 69-3,L63,UPCOM,2016-10-06,,0.0,,2017,5,15,106673000000.0
6299,3109,5.0,5.0,5.0,5.0,100,0.0,0.0,0,0,0,500000.0,4.43,0.6,0,Công ty Cổ phần Lilama 69-3,L63,UPCOM,2016-10-06,,0.0,,2017,5,16,99255300000.0
6298,3109,5.0,5.0,5.0,5.0,0,0.0,0.0,0,0,0,0.0,4.43,0.0,0,Công ty Cổ phần Lilama 69-3,L63,UPCOM,2016-10-06,,0.0,,2017,5,17,80133300000.0
6297,3109,5.0,5.0,5.0,5.0,0,0.0,0.0,0,0,0,0.0,4.43,0.0,0,Công ty Cổ phần Lilama 69-3,L63,UPCOM,2016-10-06,,0.0,,2017,5,18,86781100000.0
6296,3109,5.0,5.0,5.0,5.0,0,0.0,0.0,0,0,0,0.0,4.43,0.0,0,Công ty Cổ phần Lilama 69-3,L63,UPCOM,2016-10-06,,0.0,,2017,5,19,85469000000.0
6295,3109,5.7,5.7,5.7,5.7,100,0.0,0.0,0,0,0,570000.0,5.05,0.7,0,Công ty Cổ phần Lilama 69-3,L63,UPCOM,2016-10-06,,0.0,,2017,5,22,90008400000.0
6294,3109,5.7,5.7,5.7,5.7,0,0.0,0.0,0,0,0,0.0,5.05,0.0,0,Công ty Cổ phần Lilama 69-3,L63,UPCOM,2016-10-06,,0.0,,2017,5,23,148464000000.0
6293,3109,5.7,5.7,5.7,5.7,0,0.0,0.0,0,0,0,0.0,5.05,0.0,0,Công ty Cổ phần Lilama 69-3,L63,UPCOM,2016-10-06,,0.0,,2017,5,24,125642000000.0
6292,3109,5.7,5.7,5.7,5.7,0,0.0,0.0,0,0,0,0.0,5.05,0.0,0,Công ty Cổ phần Lilama 69-3,L63,UPCOM,2016-10-06,,0.0,,2017,5,25,83381600000.0
6291,3109,5.7,5.7,5.7,5.7,0,0.0,0.0,0,0,0,0.0,5.05,0.0,0,Công ty Cổ phần Lilama 69-3,L63,UPCOM,2016-10-06,,0.0,,2017,5,26,191464000000.0
6290,3109,5.7,5.7,5.7,5.7,0,0.0,0.0,0,0,0,0.0,5.05,0.0,0,Công ty Cổ phần Lilama 69-3,L63,UPCOM,2016-10-06,,0.0,,2017,5,29,123779000000.0
6289,3109,5.7,5.7,5.7,5.7,0,0.0,0.0,0,0,0,0.0,5.05,0.0,0,Công ty Cổ phần Lilama 69-3,L63,UPCOM,2016-10-06,,0.0,,2017,5,30,116456000000.0
6288,3109,5.7,5.7,5.7,5.7,0,0.0,0.0,0,0,0,0.0,5.05,0.0,0,Công ty Cổ phần Lilama 69-3,L63,UPCOM,2016-10-06,,0.0,,2017,5,31,83156200000.0
6287,3109,5.7,5.7,5.7,5.7,0,0.0,0.0,0,0,0,0.0,5.05,0.0,0,Công ty Cổ phần Lilama 69-3,L63,UPCOM,2016-10-06,,0.0,,2017,6,1,83272400000.0
6286,3109,5.7,5.7,5.7,5.7,0,0.0,0.0,0,0,0,0.0,5.05,0.0,0,Công ty Cổ phần Lilama 69-3,L63,UPCOM,2016-10-06,,0.0,,2017,6,2,82117100000.0
6285,3109,5.7,5.7,5.7,5.7,0,0.0,0.0,0,0,0,0.0,5.05,0.0,0,Công ty Cổ phần Lilama 69-3,L63,UPCOM,2016-10-06,,0.0,,2017,6,5,105193000000.0
6284,3109,5.7,5.7,5.7,5.7,0,0.0,0.0,0,0,0,0.0,5.05,0.0,0,Công ty Cổ phần Lilama 69-3,L63,UPCOM,2016-10-06,,0.0,,2017,6,6,110927000000.0
6283,3109,5.7,5.7,5.7,5.7,0,0.0,0.0,0,0,0,0.0,5.05,0.0,0,Công ty Cổ phần Lilama 69-3,L63,UPCOM,2016-10-06,,0.0,,2017,6,7,108379000000.0
6282,3109,5.7,5.7,5.7,5.7,0,0.0,0.0,0,0,0,0.0,5.05,0.0,0,Công ty Cổ phần Lilama 69-3,L63,UPCOM,2016-10-06,,0.0,,2017,6,8,107044000000.0
6281,3109,5.7,5.7,5.7,5.7,0,0.0,0.0,0,0,0,0.0,5.05,0.0,0,Công ty Cổ phần Lilama 69-3,L63,UPCOM,2016-10-06,,0.0,,2017,6,9,92481400000.0
6280,3109,5.7,5.7,5.7,5.7,0,0.0,0.0,0,0,0,0.0,5.05,0.0,0,Công ty Cổ phần Lilama 69-3,L63,UPCOM,2016-10-06,,0.0,,2017,6,12,80937000000.0
6279,3109,5.7,5.7,5.7,5.7,0,0.0,0.0,0,0,0,0.0,5.05,0.0,0,Công ty Cổ phần Lilama 69-3,L63,UPCOM,2016-10-06,,0.0,,2017,6,13,81017600000.0
6278,3109,5.7,5.7,5.7,5.7,0,0.0,0.0,0,0,0,0.0,5.05,0.0,0,Công ty Cổ phần Lilama 69-3,L63,UPCOM,2016-10-06,,0.0,,2017,6,14,113313000000.0
6276,3109,5.7,5.7,5.7,5.7,0,0.0,0.0,0,0,0,0.0,5.05,0.0,0,Công ty Cổ phần Lilama 69-3,L63,UPCOM,2016-10-06,,0.0,,2017,6,16,89126900000.0
6275,3109,5.7,5.7,5.7,5.7,0,0.0,0.0,0,0,0,0.0,5.05,0.0,0,Công ty Cổ phần Lilama 69-3,L63,UPCOM,2016-10-06,,0.0,,2017,6,19,82273700000.0
6274,3109,5.7,5.7,5.7,5.7,0,0.0,0.0,0,0,0,0.0,5.05,0.0,0,Công ty Cổ phần Lilama 69-3,L63,UPCOM,2016-10-06,,0.0,,2017,6,20,113651000000.0
6273,3109,5.7,5.7,5.7,5.7,0,0.0,0.0,0,0,0,0.0,5.05,0.0,0,Công ty Cổ phần Lilama 69-3,L63,UPCOM,2016-10-06,,0.0,,2017,6,21,85343300000.0
6272,3109,5.7,5.7,5.7,5.7,0,0.0,0.0,0,0,0,0.0,5.05,0.0,0,Công ty Cổ phần Lilama 69-3,L63,UPCOM,2016-10-06,,0.0,,2017,6,22,111992000000.0
6271,3109,5.7,5.7,5.7,5.7,0,0.0,0.0,0,0,0,0.0,5.05,0.0,0,Công ty Cổ phần Lilama 69-3,L63,UPCOM,2016-10-06,,0.0,,2017,6,23,92782100000.0
6270,3109,5.7,5.7,5.7,5.7,0,0.0,0.0,0,0,0,0.0,5.05,0.0,0,Công ty Cổ phần Lilama 69-3,L63,UPCOM,2016-10-06,,0.0,,2017,6,26,87600800000.0
6269,3109,5.7,5.7,5.7,5.7,0,0.0,0.0,0,0,0,0.0,5.05,0.0,0,Công ty Cổ phần Lilama 69-3,L63,UPCOM,2016-10-06,,0.0,,2017,6,27,94030500000.0
6268,3109,5.7,5.7,5.7,5.7,0,0.0,0.0,0,0,0,0.0,5.05,0.0,0,Công ty Cổ phần Lilama 69-3,L63,UPCOM,2016-10-06,,0.0,,2017,6,28,84973500000.0
6267,3109,5.7,5.7,5.7,5.7,0,0.0,0.0,0,0,0,0.0,5.05,0.0,0,Công ty Cổ phần Lilama 69-3,L63,UPCOM,2016-10-06,,0.0,,2017,6,29,84476000000.0
6266,3109,6.5,6.5,6.5,6.5,400,0.0,0.0,0,0,0,2600000.0,5.76,0.8,0,Công ty Cổ phần Lilama 69-3,L63,UPCOM,2016-10-06,,0.0,,2017,6,30,103721000000.0
6265,3109,6.5,6.5,6.5,6.5,67,0.0,0.0,0,0,0,435500.0,5.76,0.0,0,Công ty Cổ phần Lilama 69-3,L63,UPCOM,2016-10-06,,0.0,,2017,7,3,88919100000.0
6264,3109,6.0,6.5,6.5,6.0,1100,0.0,0.0,0,0,0,6750000.0,5.76,0.0,0,Công ty Cổ phần Lilama 69-3,L63,UPCOM,2016-10-06,,0.0,,2017,7,4,103220000000.0
6263,3109,6.1,6.1,6.1,6.1,0,0.0,0.0,0,0,0,0.0,5.41,0.0,0,Công ty Cổ phần Lilama 69-3,L63,UPCOM,2016-10-06,,0.0,,2017,7,5,83690400000.0
6262,3109,6.1,6.1,6.1,6.1,0,0.0,0.0,0,0,0,0.0,5.41,0.0,0,Công ty Cổ phần Lilama 69-3,L63,UPCOM,2016-10-06,,0.0,,2017,7,6,120770000000.0
6261,3109,6.1,6.1,6.1,6.1,0,0.0,0.0,0,0,0,0.0,5.41,0.0,0,Công ty Cổ phần Lilama 69-3,L63,UPCOM,2016-10-06,,0.0,,2017,7,7,110372000000.0
6260,3109,6.1,6.1,6.1,6.1,0,0.0,0.0,0,0,0,0.0,5.41,0.0,0,Công ty Cổ phần Lilama 69-3,L63,UPCOM,2016-10-06,,0.0,,2017,7,10,89004100000.0
6259,3109,5.5,5.5,5.5,5.5,5525,0.0,0.0,0,0,0,30387500.0,4.88,-0.6,0,Công ty Cổ phần Lilama 69-3,L63,UPCOM,2016-10-06,,0.0,,2017,7,11,105951000000.0
6258,3109,5.5,5.5,5.5,5.5,0,0.0,0.0,0,0,0,0.0,4.88,0.0,0,Công ty Cổ phần Lilama 69-3,L63,UPCOM,2016-10-06,,0.0,,2017,7,12,91327200000.0
6257,3109,5.5,5.5,5.5,5.5,0,0.0,0.0,0,0,0,0.0,4.88,0.0,0,Công ty Cổ phần Lilama 69-3,L63,UPCOM,2016-10-06,,0.0,,2017,7,13,64858500000.0
6256,3109,5.5,5.5,5.5,5.5,0,0.0,0.0,0,0,0,0.0,4.88,0.0,0,Công ty Cổ phần Lilama 69-3,L63,UPCOM,2016-10-06,,0.0,,2017,7,14,64300100000.0
6255,3109,5.5,5.5,5.5,5.5,34000,0.0,0.0,0,0,0,187000000.0,4.88,0.0,0,Công ty Cổ phần Lilama 69-3,L63,UPCOM,2016-10-06,,0.0,,2017,7,17,89291000000.0
6254,3109,5.5,5.5,5.5,5.5,0,0.0,0.0,0,0,0,0.0,4.88,0.0,0,Công ty Cổ phần Lilama 69-3,L63,UPCOM,2016-10-06,,0.0,,2017,7,18,84869200000.0
6253,3109,5.5,5.5,5.5,5.5,0,0.0,0.0,0,0,0,0.0,4.88,0.0,0,Công ty Cổ phần Lilama 69-3,L63,UPCOM,2016-10-06,,0.0,,2017,7,19,71490400000.0
6252,3109,5.5,5.5,5.5,5.5,0,0.0,0.0,0,0,0,0.0,4.88,0.0,0,Công ty Cổ phần Lilama 69-3,L63,UPCOM,2016-10-06,,0.0,,2017,7,20,61638600000.0
6251,3109,5.5,5.5,5.5,5.5,0,0.0,0.0,0,0,0,0.0,4.88,0.0,0,Công ty Cổ phần Lilama 69-3,L63,UPCOM,2016-10-06,,0.0,,2017,7,21,107715000000.0
6250,3109,5.5,5.5,5.5,5.5,0,0.0,0.0,0,0,0,0.0,4.88,0.0,0,Công ty Cổ phần Lilama 69-3,L63,UPCOM,2016-10-06,,0.0,,2017,7,24,79623700000.0
6249,3109,5.5,5.5,5.5,5.5,0,0.0,0.0,0,0,0,0.0,4.88,0.0,0,Công ty Cổ phần Lilama 69-3,L63,UPCOM,2016-10-06,,0.0,,2017,7,25,63954800000.0
6248,3109,5.5,5.5,5.5,5.5,0,0.0,0.0,0,0,0,0.0,4.88,0.0,0,Công ty Cổ phần Lilama 69-3,L63,UPCOM,2016-10-06,,0.0,,2017,7,26,81799500000.0
6247,3109,5.5,5.5,5.5,5.5,0,0.0,0.0,0,0,0,0.0,4.88,0.0,0,Công ty Cổ phần Lilama 69-3,L63,UPCOM,2016-10-06,,0.0,,2017,7,27,102607000000.0
6246,3109,5.5,5.5,5.5,5.5,0,0.0,0.0,0,0,0,0.0,4.88,0.0,0,Công ty Cổ phần Lilama 69-3,L63,UPCOM,2016-10-06,,0.0,,2017,7,28,77182100000.0
6245,3109,5.5,5.5,5.5,5.5,0,0.0,0.0,0,0,0,0.0,4.88,0.0,0,Công ty Cổ phần Lilama 69-3,L63,UPCOM,2016-10-06,,0.0,,2017,7,31,109580000000.0
6244,3109,5.5,5.5,5.5,5.5,0,0.0,0.0,0,0,0,0.0,4.88,0.0,0,Công ty Cổ phần Lilama 69-3,L63,UPCOM,2016-10-06,,0.0,,2017,8,1,106952000000.0
6243,3109,5.5,5.5,5.5,5.5,0,0.0,0.0,0,0,0,0.0,4.88,0.0,0,Công ty Cổ phần Lilama 69-3,L63,UPCOM,2016-10-06,,0.0,,2017,8,2,103328000000.0
6242,3109,6.0,6.0,6.0,6.0,1000,0.0,0.0,0,0,0,6000000.0,5.32,0.5,0,Công ty Cổ phần Lilama 69-3,L63,UPCOM,2016-10-06,,0.0,,2017,8,3,101637000000.0
6241,3109,6.0,6.0,6.0,6.0,0,0.0,0.0,0,0,0,0.0,5.32,0.0,0,Công ty Cổ phần Lilama 69-3,L63,UPCOM,2016-10-06,,0.0,,2017,8,4,102481000000.0
6240,3109,6.0,6.0,6.0,6.0,0,0.0,0.0,0,0,0,0.0,5.32,0.0,0,Công ty Cổ phần Lilama 69-3,L63,UPCOM,2016-10-06,,0.0,,2017,8,7,115814000000.0
6239,3109,6.0,6.0,6.0,6.0,0,0.0,0.0,0,0,0,0.0,5.32,0.0,0,Công ty Cổ phần Lilama 69-3,L63,UPCOM,2016-10-06,,0.0,,2017,8,8,120526000000.0
6238,3109,6.0,6.0,6.0,6.0,0,0.0,0.0,0,0,0,0.0,5.32,0.0,0,Công ty Cổ phần Lilama 69-3,L63,UPCOM,2016-10-06,,0.0,,2017,8,9,111481000000.0
6237,3109,6.0,6.0,6.0,6.0,0,0.0,0.0,0,0,0,0.0,5.32,0.0,0,Công ty Cổ phần Lilama 69-3,L63,UPCOM,2016-10-06,,0.0,,2017,8,10,82915400000.0
6236,3109,5.5,5.5,5.5,5.5,2500,0.0,0.0,0,0,0,13750000.0,4.88,-0.5,0,Công ty Cổ phần Lilama 69-3,L63,UPCOM,2016-10-06,,0.0,,2017,8,11,85722400000.0
6235,3109,5.5,5.5,5.5,5.5,0,0.0,0.0,0,0,0,0.0,4.88,0.0,0,Công ty Cổ phần Lilama 69-3,L63,UPCOM,2016-10-06,,0.0,,2017,8,14,121232000000.0
6234,3109,5.5,5.5,5.5,5.5,0,0.0,0.0,0,0,0,0.0,4.88,0.0,0,Công ty Cổ phần Lilama 69-3,L63,UPCOM,2016-10-06,,0.0,,2017,8,15,102835000000.0
6233,3109,5.5,5.5,5.5,5.5,0,0.0,0.0,0,0,0,0.0,4.88,0.0,0,Công ty Cổ phần Lilama 69-3,L63,UPCOM,2016-10-06,,0.0,,2017,8,16,95607500000.0
6232,3109,5.5,5.5,5.5,5.5,0,0.0,0.0,0,0,0,0.0,4.88,0.0,0,Công ty Cổ phần Lilama 69-3,L63,UPCOM,2016-10-06,,0.0,,2017,8,17,89632800000.0
6231,3109,5.5,5.5,5.5,5.5,0,0.0,0.0,0,0,0,0.0,4.88,0.0,0,Công ty Cổ phần Lilama 69-3,L63,UPCOM,2016-10-06,,0.0,,2017,8,18,101749000000.0
session_id,stock_id,open_price,close_price,high_price,low_price,volume_detail,ceiling_price,floor_price,buy_volume,sell_volume,net_volume,matched_value,adjust_price,change_percent,outstanding_share,name,code,stock_space,join_date,leave_date,init_price,category,year,month,day_of_month,volume_session
6448,3109,10.0,10.0,10.0,10.0,1000,0.0,0.0,0,0,0,10000000.0,8.87,0.0,0,Công ty Cổ phần Lilama 69-3,L63,UPCOM,2016-10-06,,0.0,,2016,10,6,42273100000.0
6447,3109,10.0,10.0,10.0,10.0,0,0.0,0.0,0,0,0,0.0,8.87,0.0,0,Công ty Cổ phần Lilama 69-3,L63,UPCOM,2016-10-06,,0.0,,2016,10,7,44340400000.0
6446,3109,10.0,10.0,10.0,10.0,0,0.0,0.0,0,0,0,0.0,8.87,0.0,0,Công ty Cổ phần Lilama 69-3,L63,UPCOM,2016-10-06,,0.0,,2016,10,10,37949700000.0
6445,3109,10.0,10.0,10.0,10.0,0,0.0,0.0,0,0,0,0.0,8.87,0.0,0,Công ty Cổ phần Lilama 69-3,L63,UPCOM,2016-10-06,,0.0,,2016,10,11,39665000000.0
6444,3109,10.0,10.0,10.0,10.0,0,0.0,0.0,0,0,0,0.0,8.87,0.0,0,Công ty Cổ phần Lilama 69-3,L63,UPCOM,2016-10-06,,0.0,,2016,10,12,32429900000.0
6443,3109,8.5,8.5,8.5,8.5,100,0.0,0.0,0,0,0,850000.0,7.54,-1.5,0,Công ty Cổ phần Lilama 69-3,L63,UPCOM,2016-10-06,,0.0,,2016,10,13,26393000000.0
6442,3109,7.3,7.3,7.3,7.3,600,0.0,0.0,0,0,0,4380000.0,6.47,-1.2,0,Công ty Cổ phần Lilama 69-3,L63,UPCOM,2016-10-06,,0.0,,2016,10,14,32934800000.0
6441,3109,7.3,7.3,7.3,7.3,0,0.0,0.0,0,0,0,0.0,6.47,0.0,0,Công ty Cổ phần Lilama 69-3,L63,UPCOM,2016-10-06,,0.0,,2016,10,17,40273000000.0
6440,3109,6.3,6.3,6.3,6.3,1500,0.0,0.0,0,0,0,9450000.0,5.59,-1.0,0,Công ty Cổ phần Lilama 69-3,L63,UPCOM,2016-10-06,,0.0,,2016,10,18,48609800000.0
6439,3109,5.5,5.5,5.5,5.5,3300,0.0,0.0,0,0,0,18150000.0,4.88,-0.8,0,Công ty Cổ phần Lilama 69-3,L63,UPCOM,2016-10-06,,0.0,,2016,10,19,51446200000.0
6438,3109,4.7,4.7,4.7,4.7,3000,0.0,0.0,0,0,0,14100000.0,4.17,-0.8,0,Công ty Cổ phần Lilama 69-3,L63,UPCOM,2016-10-06,,0.0,,2016,10,20,42038400000.0
6437,3109,4.2,4.0,4.2,4.0,10700,0.0,0.0,0,0,0,43500000.0,3.55,-0.7,0,Công ty Cổ phần Lilama 69-3,L63,UPCOM,2016-10-06,,0.0,,2016,10,21,67315500000.0
6436,3109,4.1,4.1,4.1,4.1,0,0.0,0.0,0,0,0,0.0,3.64,0.0,0,Công ty Cổ phần Lilama 69-3,L63,UPCOM,2016-10-06,,0.0,,2016,10,24,39782400000.0
6435,3109,4.5,4.5,4.5,4.5,1000,0.0,0.0,0,0,0,4500000.0,3.99,0.4,0,Công ty Cổ phần Lilama 69-3,L63,UPCOM,2016-10-06,,0.0,,2016,10,25,36917500000.0
6434,3109,4.0,4.0,4.0,4.0,8000,0.0,0.0,0,0,0,32000000.0,3.55,-0.5,0,Công ty Cổ phần Lilama 69-3,L63,UPCOM,2016-10-06,,0.0,,2016,10,26,40558900000.0
6433,3109,4.5,4.5,4.5,4.5,600,0.0,0.0,0,0,0,2700000.0,3.99,0.5,0,Công ty Cổ phần Lilama 69-3,L63,UPCOM,2016-10-06,,0.0,,2016,10,27,37405200000.0
6432,3109,5.0,5.0,5.0,5.0,800,0.0,0.0,0,0,0,4000000.0,4.43,0.5,0,Công ty Cổ phần Lilama 69-3,L63,UPCOM,2016-10-06,,0.0,,2016,10,28,55292900000.0
6431,3109,5.0,5.0,5.0,4.3,1200,0.0,0.0,0,0,0,5860000.0,4.43,0.0,0,Công ty Cổ phần Lilama 69-3,L63,UPCOM,2016-10-06,,0.0,,2016,10,31,62462100000.0
6430,3109,5.3,5.3,5.3,5.3,1500,0.0,0.0,0,0,0,7950000.0,4.7,0.4,0,Công ty Cổ phần Lilama 69-3,L63,UPCOM,2016-10-06,,0.0,,2016,11,1,52028300000.0
6429,3109,4.6,5.3,5.3,4.6,1100,0.0,0.0,0,0,0,5760000.0,4.7,0.0,0,Công ty Cổ phần Lilama 69-3,L63,UPCOM,2016-10-06,,0.0,,2016,11,2,43088900000.0
6428,3109,5.2,5.2,5.2,5.2,1200,0.0,0.0,0,0,0,6240000.0,4.61,0.0,0,Công ty Cổ phần Lilama 69-3,L63,UPCOM,2016-10-06,,0.0,,2016,11,3,47212900000.0
6427,3109,4.5,5.0,5.0,4.5,7900,0.0,0.0,0,0,0,36550000.0,4.43,-0.2,0,Công ty Cổ phần Lilama 69-3,L63,UPCOM,2016-10-06,,0.0,,2016,11,4,171640000000.0
6426,3109,4.1,4.1,4.1,4.1,200,0.0,0.0,0,0,0,820000.0,3.64,-0.5,0,Công ty Cổ phần Lilama 69-3,L63,UPCOM,2016-10-06,,0.0,,2016,11,7,63911400000.0
6425,3109,4.5,4.5,4.5,4.5,500,0.0,0.0,0,0,0,2250000.0,3.99,0.4,0,Công ty Cổ phần Lilama 69-3,L63,UPCOM,2016-10-06,,0.0,,2016,11,8,79754400000.0
6424,3109,4.0,4.0,4.0,4.0,8600,0.0,0.0,0,0,0,34400000.0,3.55,-0.5,0,Công ty Cổ phần Lilama 69-3,L63,UPCOM,2016-10-06,,0.0,,2016,11,9,86317300000.0
6423,3109,4.0,4.0,4.0,4.0,0,0.0,0.0,0,0,0,0.0,3.55,0.0,0,Công ty Cổ phần Lilama 69-3,L63,UPCOM,2016-10-06,,0.0,,2016,11,10,73337700000.0
6422,3109,4.0,4.0,4.0,4.0,0,0.0,0.0,0,0,0,0.0,3.55,0.0,0,Công ty Cổ phần Lilama 69-3,L63,UPCOM,2016-10-06,,0.0,,2016,11,11,91088200000.0
6421,3109,4.0,4.0,4.0,4.0,0,0.0,0.0,0,0,0,0.0,3.55,0.0,0,Công ty Cổ phần Lilama 69-3,L63,UPCOM,2016-10-06,,0.0,,2016,11,14,61205300000.0
6420,3109,4.0,4.0,4.0,4.0,0,0.0,0.0,0,0,0,0.0,3.55,0.0,0,Công ty Cổ phần Lilama 69-3,L63,UPCOM,2016-10-06,,0.0,,2016,11,15,47230900000.0
6419,3109,4.0,4.0,4.0,4.0,0,0.0,0.0,0,0,0,0.0,3.55,0.0,0,Công ty Cổ phần Lilama 69-3,L63,UPCOM,2016-10-06,,0.0,,2016,11,16,44215000000.0
6418,3109,4.0,4.0,4.0,4.0,0,0.0,0.0,0,0,0,0.0,3.55,0.0,0,Công ty Cổ phần Lilama 69-3,L63,UPCOM,2016-10-06,,0.0,,2016,11,17,56862800000.0
6417,3109,4.6,4.6,4.6,4.6,100,0.0,0.0,0,0,0,460000.0,4.08,0.6,0,Công ty Cổ phần Lilama 69-3,L63,UPCOM,2016-10-06,,0.0,,2016,11,18,61372400000.0
6416,3109,4.8,4.8,4.8,4.8,1200,0.0,0.0,0,0,0,5760000.0,4.26,0.2,0,Công ty Cổ phần Lilama 69-3,L63,UPCOM,2016-10-06,,0.0,,2016,11,21,139242000000.0
6415,3109,5.0,5.0,5.0,5.0,3000,0.0,0.0,0,0,0,15000000.0,4.43,0.2,0,Công ty Cổ phần Lilama 69-3,L63,UPCOM,2016-10-06,,0.0,,2016,11,22,108060000000.0
6414,3109,5.0,5.0,5.0,5.0,0,0.0,0.0,0,0,0,0.0,4.43,0.0,0,Công ty Cổ phần Lilama 69-3,L63,UPCOM,2016-10-06,,0.0,,2016,11,23,232279000000.0
6413,3109,5.0,5.0,5.0,5.0,0,0.0,0.0,0,0,0,0.0,4.43,0.0,0,Công ty Cổ phần Lilama 69-3,L63,UPCOM,2016-10-06,,0.0,,2016,11,24,118615000000.0
6412,3109,5.0,5.0,5.0,5.0,3400,0.0,0.0,0,0,0,17000000.0,4.43,0.0,0,Công ty Cổ phần Lilama 69-3,L63,UPCOM,2016-10-06,,0.0,,2016,11,25,89927600000.0
6411,3109,5.0,5.0,5.0,5.0,0,0.0,0.0,0,0,0,0.0,4.43,0.0,0,Công ty Cổ phần Lilama 69-3,L63,UPCOM,2016-10-06,,0.0,,2016,11,28,122618000000.0
6410,3109,5.0,5.0,5.0,5.0,0,0.0,0.0,0,0,0,0.0,4.43,0.0,0,Công ty Cổ phần Lilama 69-3,L63,UPCOM,2016-10-06,,0.0,,2016,11,29,72533200000.0
6409,3109,5.0,5.0,5.0,5.0,0,0.0,0.0,0,0,0,0.0,4.43,0.0,0,Công ty Cổ phần Lilama 69-3,L63,UPCOM,2016-10-06,,0.0,,2016,11,30,100595000000.0
6408,3109,5.0,5.0,5.0,5.0,0,0.0,0.0,0,0,0,0.0,4.43,0.0,0,Công ty Cổ phần Lilama 69-3,L63,UPCOM,2016-10-06,,0.0,,2016,12,1,126266000000.0
6407,3109,5.0,5.0,5.0,5.0,0,0.0,0.0,0,0,0,0.0,4.43,0.0,0,Công ty Cổ phần Lilama 69-3,L63,UPCOM,2016-10-06,,0.0,,2016,12,2,126742000000.0
